29099344
29099333
29079713
29079142
29073476
29048931
29046368
29045347
29042177
29037527
29035122
29032041
29020455
28992608
28989817
28978522
28953499
28947035
28930490
28916704
28891346
28848893
28846049
28835336
28787381
28769592
28759146
28711222
28694231
28667089
28666755
28651844
28634110
28611235
28611092
28606620
28602538
28592822
28576305
28554723
28554721
28539217
28529073
28477428
28445004
28419121
28406713
28371569
28366727
28362199
28325531
28314539
28300821
28245962
28222269
28217196
28190780
28171547
28143919
20301428
28132845
28107795
28087700
28068001
28042521
28012258
28011037
27990075
27976892
27898234
27895116
27894875
27875677
27812499
27810230
27805836
27804127
27104944
27792891
27659740
27773592
27768743
27745802
27707539
27703398
27662106
27660821
27636560
27626100
27614011
27585394
27490265
27482545
27475719
27475293
27473897
27469186
27450143
27441329
27413118
27402691
27394157
27393775
27334259
27328319
27325384
27306167
27298017
27288484
27288428
27277131
27258095
27252987
27248596
27230445
27226150
27214033
27185048
27160424
27158673
27158420
27150823
27126691
27097977
27082186
27081574
27074519
27035067
27031658
27030675
27027688
27017976
27007499
26996268
26976279
26968770
26968005
26962591
26944510
26903594
26878157
26848606
26846474
26840186
26823621
26823392
26803277
26744656
26718821
26698017
26694805
26677762
26668427
26581802
26568242
26567541
26547591
26544137
26510035
26510034
26506855
26492939
26488271
26474553
26417173
26416827
26410278
26406363
26403534
26399136
26390337
26385858
26371812
26335956
26324139
26322933
26303992
26250833
26245207
26210165
26209275
26207804
26175480
26170070
26168933
26137539
26135562
26132840
26115565
26097168
26091951
26078470
26074007
26073026
26071414
26070913
26025260
26002404
25990552
25981758
25971311
25946147
28848841
25853698
25823699
25820402
25811419
25769931
25755212
25732475
25707701
25698453
25688481
25682022
25660163
25584290
25574617
27417354
25514096
25512598
25487078
25473543
25467948
25466347
25458465
25447947
25447681
25441013
25438972
25425629
25395018
25384240
25363320
27203051
25311995
25270946
25266997
25266159
25256050
25251804
25225552
25171465
25171312
25169789
25148434
25148205
25145599
25127305
25103957
25101887
25101886
25101884
25099273
25088968
25083129
25049054
25037130
25025350
24973281
24973279
24934256
24932877
24927234
24902474
24855632
24832742
24832698
24796242
24791377
24771136
24660233
24656117
24618508
24598717
24532752
24528318
24523379
24522694
24520399
24461666
24461654
24429232
24429096
24429084
26556432
24328486
24298580
24298579
24289783
24282612
24258833
24251786
24119602
24114499
24106801
24095197
24084916
24081349
24066763
24048086
24039402
24030637
24004658
23992917
23964623
23952705
23923627
23922647
23891399
23818513
23757361
23757359
23757197
23657379
23652683
23628510
23616952
23590265
23574506
23457168
23457167
23457166
23440202
23409389
23313410
23302940
