25905366
20301450
22514834
19058542
18567959
18552729
18428571
18296998
18286804
18286802
18225476
18221165
17970197
17891658
17891655
17851241
17844725
17716077
17684846
17482777
17482393
17475345
17469937
17459462
17459369
17456590
17454177
17453826
17453614
17452077
17451927
17449446
17444796
17436366
17434480
17428895
17428615
17418693
17414239
17410417
17409260
17407496
17407276
17405958
17402725
17400888
17397097
17395891
17392726
17391743
17391655
17389363
17383633
17379484
17379253
17376310
17374494
17374042
17374038
17374034
17369946
17368966
19071491
17351423
17347252
17346886
17345066
17344394
17340127
17336941
17336286
17335644
17332915
17329551
17329463
17329173
17323566
17323538
17322180
17322179
17322178
17320293
17320241
17319558
17319134
17319131
17315436
17315407
17309406
17307158
17306730
17306464
17305578
17303503
17295775
17295587
17292806
17292346
17286343
17286342
17284238
17280624
17273875
17270142
17270058
17270055
17267782
17267582
17265078
17264794
17264268
17250617
17244518
17229510
17227441
17224736
17224132
17222320
17220940
17220427
17219220
17213681
17207102
17207100
17205392
17204254
20640062
20640061
17193266
17192502
17190531
17187435
17187427
17182194
17176635
17174102
17172775
17172258
17165363
17163802
17157780
17156154
17152360
17146766
17146025
17139110
17136399
17136216
17127538
17126860
17126318
17125877
17118343
17114954
17114950
17112507
17112504
17110818
17109943
17109610
17105998
17098330
17098214
17097925
17091128
17089424
17088223
17084785
17080248
17076633
17075571
17073520
17068460
17068092
17063152
17060493
17054160
17049180
17047935
17047667
17045445
17045311
17020440
17015856
17012527
17010143
20703344
17008194
17008146
17000788
16984994
16983662
16979347
16978601
16978600
16978040
16978039
16978038
16978037
16972105
16971059
16969243
16968619
16968615
16968416
16968347
16967091
16963238
16963172
16962298
16961767
16961764
16961422
16960700
16952558
16939945
16939383
16934320
16930948
16930351
16925586
16923153
16921657
16919833
16919740
16919739
16919738
16919737
16919735
16919734
16915132
16910369
16905132
16902718
16901484
16899413
16899031
16887890
16887046
16884321
16880770
16874752
16874283
16865045
16861093
16861092
16854442
16847946
16847721
16847679
16847538
16847440
16845975
16841344
16839858
16839854
16831471
16824510
16822973
16820176
16819215
16815987
16815593
16806300
16802164
16798000
16797494
16785213
16784760
16782849
16782179
16781738
16778434
16773140
16769444
16766718
16759815
16759337
16756424
16756415
16750868
16750797
16750225
16740093
16739470
16737694
16735648
16728904
16728455
16723528
16722816
16719691
16716852
16716514
16716266
16713505
16712978
16712974
16712910
16696849
16682504
16681181
16670409
16669899
16648139
16647240
16644488
16644121
16642544
16639868
16639856
16639105
16634855
16634692
16632823
16625567
16625552
16621893
16620880
16614539
16612211
16611820
16611096
16597534
16597532
16597531
16595353
16574767
16574034
16573580
16573576
16567607
16565434
16564141
16554396
16553624
16548929
16548923
16546596
16545872
16543289
16542827
16540156
16534857
16533506
16533497
16533167
16527399
16520558
16519663
16516392
16514101
16503093
16502200
16499489
16496378
16496034
16495366
16493098
16493097
16493096
16493095
16492121
16491101
16490317
16489449
16487509
16484716
16483549
16472918
16467406
16466808
16465467
16461865
16456179
16455607
16449486
16449466
16449421
16449099
16446067
16442521
16437438
16437431
16434091
16433932
16427098
16425675
16424470
16422967
16420432
16416546
16413146
16409995
16406668
16401652
16398390
16395307
16393735
16390364
16385558
16382192
16381030
16379031
16375164
16372825
16367990
16365317
16361086
16360480
16360145
16325734
16318951
16317112
16316650
16314688
16313958
16313098
16306798
16305998
16303583
16300039
16292318
16292317
16289487
16289278
16289028
16286818
16286814
16286810
16283255
16282845
16282090
16282089
16277635
16272288
16268664
16266700
16262589
16258020
16257886
16257420
16256106
16254488
16251241
16247334
16246876
16244066
16239359
16237389
16236028
16226248
16223067
16223066
16223065
16223062
16223058
16223057
16223055
16223052
16223051
16216499
16216149
16212948
16210602
16206161
16204962
16203962
16203961
16203482
16202615
16201030
16200660
16198154
16195116
16193562
21120088
16191674
16191664
16191203
16188952
16188718
16188408
16187808
16183224
16182352
16169076
16169018
16168488
16166181
16163520
16156112
16156050
16154223
16142766
16142764
16140499
16140168
16139189
16137788
16135386
16135369
16133139
16132108
16125682
16123756
16123750
16123746
16122731
16118388
16118380
16118379
16117977
16112476
16111831
16109592
16098996
16098282
16097851
16095820
16088999
16084660
16083966
16080041
16075288
16055763
16055114
16054662
16053424
16052561
16052110
16046046
16028621
16026844
16026468
16025425
16025321
16025314
16024184
16023251
16020629
16019900
16012278
16010543
16006595
16001119
16001107
16000393
15996565
15992564
15988468
15986196
15985932
15979652
15979578
15979169
15976524
15976307
15972245
15969932
15961147
15961126
15956985
15956269
15955020
15953492
15948042
15943961
15940094
15939519
15937151
15936866
15936000
15934870
15932946
15918803
15917999
15914331
15912719
15912139
15910805
15908043
15907990
15907989
15907154
15906171
15900895
15899557
15897221
15894374
15893160
15886360
15876908
15866552
15862802
15861022
15858493
15857728
15850502
15843500
15842759
15837582
15831777
15829417
15821952
15821338
15820419
15811981
15808965
15808478
15806307
15804355
15799109
15797885
15795552
15789195
15788780
15787858
15785069
15784523
15784071
15778877
15777102
15776407
15771416
15764427
15752577
15745203
15744636
15743210
15743203
15736197
15733548
15732589
15732235
15726882
15726017
15718062
15716384
15713427
15711433
15707874
15706786
15706138
15703368
15694688
15682300
15680308
15678085
15674887
15672375
15671505
15665949
15664788
15662454
15661634
15658877
15653167
15652994
15652443
15649939
15639162
15637394
15630073
15629266
15620581
15619107
15615836
15611982
15610829
15608607
15608594
15607845
15607829
15602100
15599336
15598150
15591768
15590769
15588100
15584875
15584033
15582832
15581674
15581381
15581261
15579496
15574783
15569605
15569037
15563768
15561796
15552634
15550451
15550284
15547458
15544839
15542768
15542250
15541894
15541425
15538132
15533326
15530502
15527716
15526885
15525999
15525790
15506891
15496370
15496316
15488491
15468820
15465965
15461543
15456690
15456326
26984435
15389866
15381053
15380837
15380723
15377814
15370932
15370010
15369544
15368903
15365307
15365306
15364630
15363980
15363499
15362828
15355755
15354595
15353366
15353173
15351451
15345269
15342276
15339711
15330732
15329066
15328815
15327822
15322728
15318122
15317713
15315263
15312814
15312181
15312180
15305023
15304381
15301930
15301655
15296587
15291688
15290853
15288384
15275828
15273760
15265836
15265541
15262208
15257307
15257306
15255997
15255807
15252292
15252291
15252277
15246539
15236831
15235760
15232337
15232334
15225891
15222772
15219821
15219763
15219707
15213733
15212969
15212965
15210757
15204037
15203443
15203441
15203440
15200577
15196755
15193076
15189765
15183519
15183169
15182893
15182219
15178915
15177920
15165712
15164157
15163177
15161996
15158686
15153753
15152028
15150936
15146782
15140631
15138586
15135926
15130782
15130554
15120597
15112935
15112031
15109273
15102558
15102530
15102522
15100607
15100606
15099783
15098800
15093968
15093714
15085560
15084186
15082454
15078558
15077841
15077719
15066462
15065964
15063013
15056728
15055889
15054116
15054115
15051522
15051160
15050620
15049745
15044559
15044556
15044534
15043984
15039504
15037219
15034918
15030891
15029983
15024547
15024546
15018691
15001719
15000897
14999057
14996539
14994264
14993372
14988322
14985838
14981261
14972781
14972780
14972776
14962489
14960343
14761209
14759503
14755004
14752586
14751408
14750508
14748873
14746884
14743438
14742380
14741774
14741441
14733280
14728803
14727002
14724039
14723960
14722705
14718595
14717319
14712342
14711930
14708606
14706785
14699892
14696053
14691376
14691068
14690879
14678454
14668977
14666517
14666116
14665981
14664321
14663553
14660133
14660132
14646221
14645470
14644063
14640824
14647966
14647482
14636963
14635995
14634716
14634494
14634035
14633559
14627063
14625057
14621966
14621035
14615874
14613087
14609552
14607106
14607103
14603266
14602811
14601290
14600246
14598304
14597630
14586484
14575897
14575893
14575806
14575714
14574225
14573388
14569065
14569055
14568185
14563545
14561107
14560041
14559445
14557717
14557380
14557378
14556956
14535623
14534156
14534152
14530213
14519525
14512095
14508328
14506404
14504025
14504021
14502469
13129837
13129836
13129827
12973406
12969794
12968061
12967683
12966323
12963349
12957340
12957235
12957222
12951188
12944440
12937158
12931140
12925043
12922937
12922933
12920386
12915238
12914962
12914589
12914502
12913365
12910275
12907414
12906910
12896887
12895661
12892831
12892826
12891561
12885685
12878920
12878918
12878917
12875273
12873638
12873637
12873620
12872295
12871838
12865168
12865159
12859589
12857662
12857659
12854052
12851023
12850780
12850776
12850772
12845226
12843270
12842283
12835417
12835366
12831383
12829987
12828963
12826991
12826990
12814838
12814374
12813472
12810146
12804405
12802873
12802700
12802388
12795568
12794053
12790424
12790418
12790400
12784103
12782427
12778840
12774318
12768114
12766254
12759132
12755943
12751979
12751155
12749896
12747953
12747945
12747939
12745496
12738035
12736382
12730349
12730057
12721333
12719364
12714007
12712786
12710015
12707143
12706480
12706478
12706459
12703669
12703332
12700697
12700689
12694640
12689609
12688708
12681528
12681522
12684740
12683918
12676519
12676268
12668220
12664190
12658121
12656645
12655322
12653976
12653973
12653834
12651662
12649366
12649297
12646325
12644889
12644730
12642578
12638640
12638639
12637353
12633914
12623736
12620465
12618704
12608492
12606628
12604679
12601499
12598254
12591116
12588510
12585565
12572526
12570015
12568913
12565965
12559382
12559125
12558150
12557272
12555276
12551758
12546135
12543635
12543227
12542894
12538812
12537702
12536020
12536012
12535697
12525693
12521939
12519069
12516508
12513698
12511176
12505529
12503615
12500129
12498912
12495798
12495797
12495120
12491025
12490606
12490605
12486182
12479844
12474121
12473373
12467995
12467912
12466679
12454559
12450316
12445704
12445410
12437765
12435410
12434400
12427583
12425430
12424303
12422250
12419891
12419523
12410780
12406517
12404685
12402268
12401350
12401058
12399421
12399005
12398307
12393329
12393157
12388657
12388654
12388635
12385794
12384473
12377396
12376408
12376173
12376164
12376160
12373442
12373072
12369474
12366698
12359026
12357166
12351933
12351447
12323382
12244149
12242088
12233982
12230966
12227226
12225696
12225656
12223538
12206854
12217420
12217419
12209151
12208688
12208687
12207552
12204561
12202015
12198205
12195238
12191809
12190187
12188097
12185408
12184663
12183687
12183665
12180447
12175594
12167548
12166621
12161282
12152529
12151036
12150199
12144610
12133120
12131605
12130710
12126492
12126485
12113955
12112736
12106830
12101261
12100788
12098583
12098353
12094129
12093226
12090733
12088744
12084520
12080288
12076431
12076425
12076406
12072165
12069941
12069411
12067677
12065726
12065675
12064984
12062477
12057779
12052441
12049976
12049330
12044452
12038658
12038149
12033750
12031880
12031840
12030807
12028745
12023543
12019193
12020877
12020864
12011803
12009347
12007748
12006220
12006217
12002809
12000210
11997236
11997146
11990060
11985706
11982544
11981595
11978842
11976056
11973854
11973478
11973371
11964569
11964100
11961062
11961051
11959527
11958946
11958852
11958364
11949883
11948251
11937560
11927547
11926651
11914975
11912062
11910276
11906493
11900823
11898802
11895560
11895271
11887546
11877704
11876583
11875630
11866252
11862809
11862370
11861796
11852035
11850145
11840882
11832541
11829123
11826036
11823887
11821035
11812534
11805228
11805221
11804622
11791533
11791532
11791531
11791527
11787918
11786275
11786240
11784478
11784454
11783744
11780876
11778142
11772672
11765304
11763022
11762137
11760922
11759562
11759147
11756991
11755893
11755892
19811021
11752886
11752119
11752106
11750915
11747760
11745312
11742054
11742047
11739879
11736840
11731107
11729596
11728419
11727785
11727763
11726782
11725975
11720714
11718535
11711042
11710747
11707638
11707635
11707632
11707162
11704620
11701384
11698998
11698436
11696513
11694173
11692070
11689159
11687108
11687036
11682161
11672940
11668014
11668013
11665839
11606659
11606031
11602692
11602675
11595211
11585135
11584874
11584873
11584870
11584154
11580279
11580103
11579624
11578102
11575386
11571786
11567650
11566144
11564781
11564664
11563714
11562065
11557349
11557302
11557167
11556522
11554869
11553360
11552772
11548109
11548108
11547297
11543951
11534537
11483141
11531723
11527069
11526977
11525800
11524308
11522323
11522322
11520128
11516922
11516921
11513265
11510952
11508781
11506261
11506187
11505043
11505025
11504820
11504802
11504788
11501045
11500514
11496583
11495955
11495498
11489441
11487800
11480392
11478923
11476266
11475944
11475941
11474645
11468029
11466444
11465601
11465595
11457836
11455175
11448491
11448484
11448134
11448128
11446767
11445275
11445231
11441428
11439748
11438603
11432017
11430864
11428919
11425545
11414874
11409748
11413242
11412287
11410729
11410720
11406466
11405645
11408600
11408550
11408537
11408532
11408050
11399267
11395188
11391061
11386621
11386491
11386008
11382405
11377409
11367890
11366548
11366547
11365012
11359522
11358332
11353600
11349393
11348625
11341854
11336609
11334876
11334233
11331108
11325808
11325790
11325021
11319622
11318394
11316769
11316375
11311730
11309844
11303057
11303050
11303047
11303046
11301063
11300867
11297446
11294484
11294396
11293449
11292002
11286610
11282159
11276911
11275956
11274995
11272410
11271014
11270618
11268820
11268819
11268406
11264327
11264242
11259547
11259529
11259498
11255932
11254789
11250866
11246723
11245849
11240582
11239123
11233997
11231112
11226714
11210198
11205625
11199951
11199877
11198720
11198711
11198129
11197589
11195999
11192332
11191590
11188492
11182162
11181901
11180501
11179083
11177518
11173171
11166066
11164832
11164085
11160621
11160607
10755739
10755174
10754685
10754620
11155582
11154860
11153302
11146395
11146054
11140779
11140335
11139447
11139409
11137281
11125673
11125013
11123254
11122921
11122358
11113622
11113514
11113500
11112994
11111000
11110065
11106302
11105989
11104658
11104584
11102568
11099770
11098883
11097674
11093966
11093959
11091301
11091028
11091024
11090116
11085330
11082451
11082442
11082438
11078933
11078827
11078198
11076120
11076138
11074353
11073113
11069441
11055575
11055333
11053123
11049837
11046088
11045869
11045863
11045862
11044861
11044755
11044744
11040344
11034715
11033087
11030495
11029512
11027902
11026738
11026735
11021352
11020761
11018796
11016587
20575864
11011049
11010998
11007709
11003204
11003196
11003137
11002917
11002911
11002904
10999935
10996023
10990349
10989777
10989399
10989273
10986803
10986732
10982140
10982133
10982132
10982130
10973525
10973516
10973506
10970678
10969141
10968654
10965231
10962832
10958998
10956449
10955836
10953721
10946851
10945877
10945849
10945843
10943907
10942854
10940783
10940375
10937841
10937659
10928315
10917997
10923761
10921509
10913589
10912908
10911926
10908513
10907964
10907672
10905783
10903965
10900229
10899953
10899371
10899364
10897756
10896868
10896771
10896030
10893314
10891863
10891632
10890816
10890803
10890799
10891107
10884137
10882839
10880699
10880689
10880679
10877739
10875542
10874586
10871309
10870503
10867960
10865052
10856456
10854754
10844122
10843787
10850617
10845251
10841978
10835636
10835438
10833818
10832917
10825321
10822066
10822054
10821987
10821435
10816681
10814729
10813616
10812979
10812288
10812286
10812285
10812051
10810247
10810246
10810240
10810237
10809517
10809268
10806416
10802031
10802030
10801249
10799676
10796843
10796779
10794821
10794817
10794815
10794814
10789883
10786824
10781907
10781668
10780914
10780808
10780298
10780260
10780251
10775280
10773040
10772604
10771495
10770807
10768488
10764959
10764925
10764916
10764213
10762693
10762566
10760491
10757131
10746640
10744894
10743904
10743458
10742642
10741900
10741899
10737418
10733630
10731624
10731623
10731040
10730979
10729741
10729637
10730843
10727705
10723977
10720639
10719958
10718289
10718268
10716102
10714849
10708700
10677630
10677616
10707430
10703775
10703675
10698357
10692626
10688971
10688896
10684784
10684782
10681104
10677202
10676852
10673107
10672987
10672978
10672907
10672634
10669903
10669052
10666516
10665987
10665828
10663428
10663423
10666153
10658923
10657483
10653225
10653211
10652283
10650167
10650156
10648876
10648471
10647800
10642050
10638648
10636483
10636363
10634604
10633587
10627107
10618462
10619553
10617121
10617086
10615346
20681133
10615738
10615349
10615348
10615347
10612447
10607867
10608280
10605854
10602339
10598605
10593209
10591900
10591884
10591872
10591871
10585524
10589374
10585498
10583357
10578145
10553740
10574547
10568873
10568850
10565979
10565831
10557566
10556931
10556678
10556676
10556633
10551592
10549852
10548274
10536099
10535763
10529720
10529020
10527694
10526114
10525750
10525749
10525419
10520978
10519055
10517563
10515328
10515315
10513565
10512582
10512314
10512311
10507757
10503726
10497906
10497682
10495371
10493099
10494884
10485962
10483613
10479286
10478647
10474054
10472515
10470982
10470970
10466747
10465452
10463317
10462133
10461896
10461895
10461561
10460312
10459171
10459118
10457541
10456559
10456231
10455296
10454508
10454490
10454482
10453799
10451668
10451663
10450269
10448921
10448013
10446338
10445649
10441888
10435781
10435606
10435403
10435264
10433874
10433498
10428418
10425604
10422898
10422776
10422643
10421709
10421425
10419920
10418933
10418795
10418775
10416823
10416817
10415942
10415666
10414675
10414445
10411981
10407116
10407016
10403501
10401549
10400226
10397284
10397028
10394993
20575801
10386982
10386662
10381993
10382138
10381891
10381890
10379623
10376126
10374711
10373467
10372797
10370199
10369483
10369482
10369327
10367562
10367550
10357456
10353595
10352398
10350541
10347430
10344782
10340539
10340522
10336674
10334505
10331486
10328565
10327921
10235307
10234561
10233044
10230857
10230191
10230186
10229636
10225369
10222487
10220088
10219980
10218862
10217552
10215661
10212062
10209244
10208698
10208148
10208762
10208324
10205153
10202629
10201671
10200856
10200353
10200198
10198826
10195818
10195825
10195332
10192827
10190097
10103095
10102765
10102674
21455371
10097028
10096764
10096661
10096442
10095048
10093048
10091477
10090652
10087027
10082891
10082881
10082725
10082233
10080233
10080036
10078159
10077314
10074797
10073344
10071829
10071178
10069545
10064148
10051226
24897229
10048082
10029211
10029204
10028207
10027868
10027746
10025704
10023810
10023615
10023607
9990091
9987808
9988097
9988096
9987807
9974167
9972857
9972851
9972691
9952035
9935127
9935051
9932732
9930633
9928069
9928055
9923893
9923889
9922560
9920206
9920201
9918595
9918569
9918551
9917888
9890406
9886987
9884167
9884166
9879730
9878785
9871544
9870938
9864294
9864289
9864259
9863971
9862779
9862407
9862398
9861326
9860113
9860109
9856954
9852601
9846635
9845000
9843861
9839151
9839150
9839147
9836606
9835275
9833574
9832980
9832959
9832943
9832925
9831304
9830862
9825182
9825091
9822884
9819798
9815027
9809857
9809509
9807977
9806215
9806104
9804884
9802524
9801385
9800146
9800145
9800143
9799662
9799403
9797933
9797033
9796603
9795212
9792328
9789878
9789158
9783840
9778663
9771587
9770647
9768542
9768541
9768539
9767654
9767386
9766834
9765353
9765348
9765343
9756153
9756033
9756031
9754924
9749928
9748566
9748086
9747902
9744938
9744773
9744578
9744564
9739155
9738534
9737222
9736929
9733960
9733946
9732026
9729364
9729280
9726837
9726640
9726624
9726277
9724290
9722357
9712411
9712193
9709489
9707654
9705580
9702615
9700968
9698777
9696425
9695440
9692272
9690858
9687342
9688682
9688462
9687292
9687089
9685249
9682822
9680247
9678655
9678650
9673794
9673788
9672434
9669488
9667975
9666270
9666256
9666142
9655893
9655854
9655842
9655606
9651172
9641956
9641463
9639282
9639257
9638625
9634251
9634250
9634168
9599247
9632234
9632224
9632223
9632217
9632216
9631958
9630615
9630517
9593954
9593835
9630003
9629267
9624727
9623517
9622237
9618009
9617985
9617748
9592116
9570823
9570799
9526037
9612997
9610980
9610949
9610930
9607704
9515017
9602057
9593107
9593593
9590665
9590512
9589685
9587897
9585164
9583773
9536022
9581652
9581641
9580643
9580627
9580603
9580592
9577049
9547370
9570716
9570458
9570343
9570199
9564207
9560874
9547096
9463438
9539380
9526141
9527644
9522002
9519245
9512078
9512064
9501763
9500694
9498728
9494755
9493566
9491065
9488100
9477000
9476973
9476956
9476694
9475623
9475374
9474037
9473650
9473572
9472963
9468674
9458715
9431714
9400003
9399992
9399970
9453556
9453554
9415511
9450624
9449900
9447547
9446217
9394029
9443794
9443556
9439841
9439792
9372533
9438745
9438517
9437746
9437624
9437228
9435189
9430443
9430418
9428830
9426837
9408216
9413265
9401674
9400350
9394782
9394942
9394115
9392785
9391680
9389815
9389350
9386923
9374341
9374199
9373881
9373422
9369307
9368834
9366009
9363289
9359985
9357876
9357871
9353416
9353405
9329153
9379982
9379981
9379438
9327650
9327093
9343457
9378852
9322521
9321873
9316853
9316834
9316833
9314128
9313020
9310588
9301669
9301573
9300435
9378255
9284350
9282948
9272656
9264103
9264083
9264074
9264063
9365010
9298332
9298329
9311660
9300254
9310411
9286627
9437766
9379837
9376777
9331477
9308800
9295196
9295191
9288436
9283509
9281450
9267659
9267542
9262337
9262317
9259006
9259005
9251903
9257684
9274924
9274922
9250473
26735785
9309533
9256993
9256987
9248940
9243420
9231866
9226337
9223573
9223538
9222260
9222259
9207365
9185555
9185790
9219867
9203564
9292116
9279405
9279404
9208156
9203233
9194926
9194925
9194924
9194917
9190871
9129113
9200746
9171881
9200497
9178661
9178652
9179521
9346759
9346757
9201801
9183513
9175973
9168225
9164597
9164585
9164554
9160821
9152397
9152396
9152388
9137139
9179515
9179505
9128848
9128834
9125432
27520754
9373773
9142997
9142869
9140007
9139997
9129564
9105683
9105212
9103917
9103497
9103479
9085963
9084416
9084406
9078589
9178351
9113103
9100935
9100933
9067000
9117944
9113217
9098801
9084601
9077569
9068975
9054806
9054801
9048750
9138735
9057861
9050939
9089686
9067458
9058409
9106744
9038367
9010155
9574828
9269372
9144662
9140828
9090311
9088539
9062678
9050081
9029056
9028481
9003056
9111732
9037404
9018394
9030905
15704353
9523008
9413582
9396060
9393936
9353165
9328811
9328809
9324068
9323442
9285925
9252252
9218232
9217295
9217271
9213363
9194685
9180346
9149302
9128924
9122358
9114457
9097868
9064478
9055839
9048971
9048965
9048269
9046978
9042392
9040159
9040115
9038970
9024170
9003244
9000774
8998112
8996532
8996182
8989838
8989528
8989029
8981612
8978745
9016909
9007506
8993452
9017246
8943250
9023069
8950882
9018507
9014630
8985972
8939309
8931460
9001736
9001699
8951719
8960876
8960874
8955943
11224446
9064496
8979434
8949946
8947935
8947926
8947924
8947918
8947306
8947271
8947268
8947259
8938664
8938656
8933423
8930154
8914123
8913353
8911587
8888582
8957215
8930374
8930364
8815937
8930342
8930337
8849681
8905323
11224439
8987434
8981257
8916634
8915966
8910807
8909339
8905252
8904989
8904720
8904639
8894177
8889912
8885579
8884782
8873515
8862129
8858991
8855333
8899738
8891592
8891291
8891275
9746454
9046073
8895244
8887719
8877019
8875651
8873259
8853370
8819538
8819520
8819494
8819489
8794899
8702924
8883853
8874872
8914859
8880858
8880835
8880221
8877704
8876019
8853184
8840904
8806713
8803356
8768756
8768720
8754765
8836576
8837214
9812711
9112681
8884380
8827343
8819305
8804642
8765330
8760232
8712718
8698228
8831097
8780837
8650158
8816252
15335615
8826544
8819143
8809497
8800392
8743590
8726544
8698954
8667185
8666558
8649341
8638797
8813578
11224413
8793309
8783384
8737968
8730720
8728556
8727259
8727243
8722635
8693836
8633543
8627579
8627559
8627542
8790989
8773788
8627605
8773469
8773449
8738262
8741185
8741168
8741160
9132506
8964897
8841087
8801607
8801599
8778878
8731059
8722260
8612393
8609891
8620464
8846821
8846818
10048886
9845042
9845037
8937625
8866962
8783328
8769865
8737005
8737000
8677016
8648182
8611059
8611058
8600226
8851160
8598706
8935170
8852390
8851629
8822536
8821539
8808161
8808151
8779961
8778169
8720635
8720622
8632330
8632320
8632318
8632309
8632308
8561215
8720473
8720471
19698474
9028057
9013390
9013388
8908412
8896712
8896116
8867260
8848471
8846056
8845013
8844764
8837935
8837932
8837931
8837930
8837929
8837927
8833225
8801527
8773929
8769781
8761010
8637403
8558458
8750728
8991797
8786838
11224386
11224385
8964649
8868206
8868205
8748967
8748437
8657836
8657830
8587914
8587906
8531129
8530590
8624711
7475809
7479836
8581505
8581488
8581470
8566146
11224369
8848528
8750897
8747034
8679021
8664207
8589193
8582907
8563982
7589640
7588256
7503254
7565300
8570776
8570775
8774952
8574503
8559793
8544993
7562596
7476895
7472436
8592635
8549626
8549624
8590066
8884884
8675970
8675969
8582789
8565795
8565793
8537889
8530646
8527812
8520812
7654128
7562504
7562500
7557255
7557249
7501658
7477965
7496798
7501275
7498274
7637475
8847158
8570918
8539329
8539325
8539322
8529534
7636735
7636731
7588425
7568440
7568427
7543570
7494457
7477762
7629089
7603392
7478234
7632166
7583248
7488736
8592362
7616430
7616395
7615787
7608262
7582612
7581169
7566508
7564358
7548949
7546331
7480550
7498254
7556397
7552334
7752401
11224347
7791117
7791074
7675970
7667382
7667374
7667357
7651622
7605635
7541509
7552272
7556409
7664811
7751946
7746270
7745028
7729641
7714013
7657850
7643909
7627682
7624831
7616334
7591518
7590906
7739013
7620885
7493620
7493617
7493616
7634105
7731019
7635178
7542145
7796321
7733405
7716485
7714789
7714765
7694913
7619324
7568632
7781680
7759336
7890042
7605911
7900916
7891351
7891343
7891340
7891326
7890130
7883843
7791961
7775160
7775156
7706440
7700253
7617680
7535378
7774657
7844861
7749752
7780584
7777181
7774673
7862634
7746508
7853350
7853332
11361353
7896657
7896655
7853168
7853159
7852517
7773532
7760148
7751426
7740068
7740050
7735342
7734067
7725239
7537820
7536308
7715840
7737308
7713149
22298405
19698337
8853703
8851638
8848519
8748073
8742772
8742771
8669218
8612059
8555746
8536780
7899479
7885192
7815347
7752296
7732604
7713356
7708177
7697383
7673105
7673104
7673103
7673102
7668157
7668141
7632745
7614260
7603296
7583704
7583338
7564899
7564893
7563422
7535484
7530918
7479344
7475964
7475926
7475895
7697368
7696612
7535119
7966919
7698213
7698193
7996538
7982926
7996463
7996417
7894264
7893404
7886089
7836903
7829663
7714138
7705968
7701033
7895030
7898778
7898771
7850467
7978487
7965822
7965818
7965787
7926497
7892413
7865139
7862713
7824591
7851478
7700561
8092339
7931552
7931548
7852157
7847604
7847600
7843855
7824545
7806698
7806598
7699567
7821355
7821354
7820634
7820618
8002285
7983232
7948733
7932212
7932161
7932149
7865894
7865893
7861658
7829285
7816875
7816874
7813576
7604756
7816344
7816343
8058754
7805771
8034071
7991069
7988653
7988361
7915312
7913954
7845553
7526302
7982463
7970193
8090284
8084898
8035339
8035333
8035318
7969822
7969211
7946257
7938126
7938116
7871070
8080893
7922530
7922523
8021929
8021928
11224275
8203421
8090073
8056738
8014851
7981474
7981473
7943650
7941781
7941780
7934309
7927646
7927279
7912273
7862883
8182708
8082700
8082697
16353425
8182537
8182525
8029296
8029291
8017649
8005911
7936103
7914889
7521022
7514185
8032878
8032870
7913047
7518322
11224267
8202214
8193252
8161296
8154874
8135389
8082873
8055740
8042002
8040164
8037885
8034384
8029266
8026550
8012749
8005254
7855202
8004460
8004769
8205479
8206107
8180837
7906352
8126697
8200424
8208774
8208759
8171046
8138952
8109774
8026736
8019773
8003769
7911578
7910769
7909142
7838911
7514974
7489325
8180809
8180802
8013552
8156397
7908850
8157053
11224247
9234287
8311323
8294934
8284832
8201610
8192843
8173139
8114013
8113996
8113981
8113979
8033761
8025568
7911987
7513375
8173956
8149991
8131071
8149982
8137875
8015716
8974381
8528888
8309345
8301596
8301589
8300189
8289586
8275346
8267120
8201839
8196487
8190017
8190015
8177010
8159267
8151077
8120180
8115422
8112489
8112488
8085012
8082032
8057400
8055251
8046996
8035657
8032166
8032147
8028443
8026700
8024608
8018739
7968211
7960495
7953760
7953755
7950982
7934637
7928111
7912425
7910928
7862859
7831456
7815100
7700837
7511201
7908601
8131061
8118700
8309961
8309960
8309954
8309806
8263790
8202334
8136623
8122294
8120161
7908722
7903391
7902680
7902584
7904531
8246236
8287898
8287897
8282012
8294223
8287195
8282676
8280345
8278442
8276957
8276953
8275060
8257409
8246164
8246162
8246161
8228992
8228982
8228955
8224200
8214728
8132037
8112506
7902011
8292252
8276060
7902813
8252387
7902768
19630675
11224218
8300813
8295712
8280394
8280388
8265703
8232225
8229781
8229762
8229759
8229750
8229746
8221115
8221101
7903457
7902369
7901396
7901389
7504777
8253111
8223936
7902288
8234900
7693299
10607087
8396634
8396630
8395559
8375616
8371146
8371142
8352362
8266345
8255904
8247256
8117237
8105790
8103800
7904217
7690399
7694857
8223952
8397052
8374794
8374774
8405123
8397050
8360887
8223892
8223888
8413857
8408737
8396355
8394999
8394926
8394918
8368401
8336863
8226493
8220323
7689107
19630639
8413082
8395294
8392730
8392556
8340312
8258763
8234022
8210609
8100519
7690585
8236504
7686748
8103315
8394180
8102969
8099201
8394563
8389861
8389860
8389859
8101007
8101006
7685383
8392427
8392894
8392893
8391460
8391456
8518951
8496905
8395669
8391455
8516354
8499351
8480840
8413824
8393497
8392719
8390240
8388455
8388303
8388301
8388299
8387662
7684446
8392157
8389648
8496271
8491826
8481792
8481789
8511404
8498150
8492076
8474033
8458488
8388406
8386237
8386234
8384252
8097387
8386091
8474630
8474146
8473447
8456048
8451312
8451267
8394176
8387056
8385747
8383858
8383850
8383804
8383738
8384509
8096421
8384567
7681005
8472282
8452203
8446667
8446660
8437123
8437122
8432363
8427429
8422093
8388852
8388215
8383499
8382386
8382281
8382278
8098678
7679737
8383568
8383062
8381698
8381696
8428834
8380771
7682680
8380614
8381004
8381356
8469378
8423357
16818314
8464327
8447965
8445984
8442782
8441758
8421432
8417577
8417165
8417149
8416050
8411221
8397420
8396188
8394964
8390350
8389996
8388977
8387138
8384517
8383271
8383266
8382809
8382637
8382329
8381547
8380866
8380178
8361330
8355569
8310788
8290669
8246672
8237607
8237606
8178651
8172458
8172457
8163362
8103909
8098501
7901877
7870983
7870976
7870973
7870955
7870937
7870900
7870894
7862822
7855177
7686388
7684340
1337857
1283972
1333541
1362519
10146246
1491416
1487543
1475289
1471698
1467831
1361992
1335576
1335271
1335050
1334238
1332851
1291596
1283803
1335078
1334774
1478264
1478260
1333013
1359112
1335419
1487626
1444726
1431829
1345133
1337380
1336751
1336747
1335557
1334456
1334271
1333085
1330549
1326980
1305637
1281527
1331455
1335562
1334765
1330622
1327126
1336547
1330187
1328610
1328606
1327717
1332799
1445971
1327413
1409913
1403211
1356155
1328845
1327422
1326632
1326622
1326621
1326619
1322969
1279654
1425962
1513848
1513847
1499694
1396104
1356252
1353613
1327387
1325057
1323656
1322988
1327826
1385166
1497864
1447490
1331999
1329116
1632606
1354563
1320121
1354010
1327813
1323369
19912859
1629388
1592876
1527096
1345670
1327383
1324030
1321982
1321710
1320440
1327401
1317919
1326441
1319015
1380394
1324087
1327807
1621484
1604425
1596095
1560222
1528943
1528400
1350068
1349645
1332097
1323508
1319586
1315863
1516648
1511272
1325358
1325355
1605487
1605469
21554602
11224111
1560374
1560372
1555686
1348537
1328733
1317498
1317189
1317186
1314443
1314442
1355735
1499660
1499659
1354161
1347943
1318215
1601640
1584835
1580165
1571604
1571600
1326932
1323802
1321363
1315182
1315179
1312793
1312164
1311082
1314320
1313589
1313587
1310737
1618268
1319338
1318206
1357708
1318204
1318203
1317026
1740170
1731036
1573974
1568861
1564630
1552818
1548976
1539079
1535707
1517538
1498948
1435974
1435090
1414352
1410149
1406906
1371122
1365632
1365629
1355851
1352026
1350276
1349191
1347952
1346939
1345943
1342621
1342617
1342010
1341721
1318671
1315940
1315896
1313136
1313133
1311454
1310130
1309877
1309876
1296222
1295310
1295034
1667901
1786649
1665794
1816567
1762065
1687763
1662276
1661103
1660533
1685349
1685449
1809731
1761473
1749459
1746587
1723601
1687708
1666682
1658309
1658308
1663414
1666046
1665789
1926426
1926416
1920119
1919542
1916993
1687169
1667731
1661859
1656025
1654389
1836972
1664272
1955812
1797032
1780350
1780340
1780271
1720510
1686930
1685523
1657224
1660758
1686589
1664330
1952921
1912753
1869918
1865357
1769708
1665188
1650833
1650830
1649751
1657291
1939481
2053647
2053636
1858956
1686100
1681781
1677542
1657267
1649297
1648619
1646826
1653084
1946579
1933405
1916633
1883251
1864831
1862786
1677015
1658817
1656303
1654574
1654568
1653188
1652797
1652662
1648136
1646325
1646319
1646295
1893253
1893252
1893251
1832578
1655470
1678297
1653080
1832640
2069733
2022315
1943057
1851846
1851837
1851833
1831247
1649665
1860042
1677606
1650277
2029727
2008865
1901524
1850479
1849995
1765889
1678526
1678525
1651519
1649420
1645609
1649664
1850249
1848695
2067974
2029712
2007323
1874537
1848633
1847702
1676337
1675463
1672378
1648745
1647294
1646967
1646135
1645433
1364844
2045062
2014156
1899421
1851015
1847202
1651391
1675608
1846441
1849435
21551645
19630682
11941092
2057542
2046475
2017444
2012619
2006244
2002750
2002747
1958548
1924644
1922284
1908558
1876660
1876146
1876108
1875998
1875996
1875787
1851915
1850136
1848341
1846414
1846076
1824589
1803028
1788334
1787550
1771218
1758728
1756018
1749829
1745703
1745104
1726910
1721687
1686854
1672725
1671100
1669442
1663252
1659132
1659130
1658509
1652143
1652048
1648248
1647539
1646998
1646379
1645834
1964843
1964913
1963340
2279977
2175793
2175293
2172466
2122343
1980130
1965514
1964536
1964442
1963567
1963562
1979499
2085738
2243351
2243336
2243332
2230942
2173760
2173759
2173747
2136215
2087483
2082368
1981690
1965042
1964530
1964043
1963685
2272363
2178026
2399258
2277720
2271928
2252636
2244979
2230659
2221131
2205128
2176431
2174749
1963149
2253041
2395121
2219678
2212165
2174676
2167979
2165951
2087144
1963479
1701330
2384889
2171723
2170723
2169936
2169762
2166788
1974920
1974646
2172870
1976029
2377653
2361487
2360733
2356889
2207296
2197814
2169364
2167107
2164093
2115910
1981664
1972943
1965769
1963196
1698098
2169423
2166675
2359029
2197054
2189867
2162954
2162953
2162542
2162182
2160538
2160532
1973627
2164174
2340348
2338644
2186640
2166728
2166280
2164191
2162494
2161588
1976787
1973268
2163849
2371923
2338367
2335769
2329076
2162022
2161243
2161111
2160624
2158355
2140609
1971712
1971432
2334852
2331579
2325830
2319301
2274471
2178593
2162533
2158483
2156986
2155673
1694028
2155039
2323312
2313590
2178480
2156522
2156055
2154672
2153826
2137699
2137676
2107826
2105673
1981928
2337771
2154295
1967391
2154288
2157601
2405152
2320705
2315439
2315372
2314151
2310500
2308280
2304946
2291844
2287493
2287486
2279687
2277810
2266785
2251341
2243594
2198785
2196628
2196621
2177196
2172827
2172675
2170791
2169561
2167492
2166242
2156273
2154822
2154821
2154820
2154819
2154818
2154815
2154813
2154806
2154800
2154786
2154783
2154234
2153984
2153801
2153388
2149618
2137320
2120527
2109328
2097668
2095291
2081263
1968257
1967925
1965750
1700486
1697078
1693044
2598056
2598052
2685041
2592592
2589564
2576452
2574738
2559974
2559353
2558674
2556507
2555877
2555871
2555131
2482981
2559854
2810122
2681168
2624852
2622523
2618077
2594167
2576140
2576139
2575491
2560207
2556199
2553926
2553917
2513390
2558895
2557223
2795130
2675644
2622990
2571723
2571722
2553059
2478047
2551454
2571391
2674931
2611410
2577060
2570868
2558367
2550623
2550622
2550615
2527243
2516631
2482096
2475628
2782866
2756529
2671240
2616603
2557144
2554190
2548533
2482511
2676563
2752295
2749256
2769591
2757588
2745760
2587614
2587611
2571107
2561526
2557287
2549557
2549147
2477388
2813479
2813473
2765984
2755454
2737720
2732944
2552732
2548531
2544207
2542355
2477090
2743133
2743108
2543480
2780781
2780774
2754360
2745952
2715440
2675124
2655671
2571138
2566949
2548676
2547002
2546089
2498635
2473408
2541864
2752072
2730746
2702921
2656781
2629740
2568475
2546087
2540324
2539839
2538562
2467589
2744078
2925898
2925573
2716954
2662222
2645889
2547203
2544906
2544904
2541848
2540341
2539457
2539453
2519841
2540873
2923679
2923666
2918471
2755921
2727018
2568435
2539919
2569405
2540993
2495149
2565240
2927249
2913408
2912237
2909555
2796595
2780578
2779356
2776584
2747414
2746710
2734323
2728958
2721334
2717513
2714161
2701318
2696899
2641056
2641028
2640973
2636709
2601582
2588819
2571452
2571278
2570759
2569217
2568626
2566435
2561836
2561827
2561826
2559274
2558265
2556617
2555188
2552241
2550943
2543996
2542985
2541460
2538689
2537485
2536002
2535799
2534967
2522577
2509710
2502793
2502792
2498922
2489237
2475733
2471910
3147046
2850091
3245848
3224281
3204249
3202224
2974485
2907750
2852984
2851638
2849679
2849042
2848424
2846401
2462628
3241666
3252685
3219609
3215726
3202818
3150786
3076856
2853675
2853405
2849725
2846819
2850212
2853070
3179728
3072212
3192459
3178891
3067620
2853839
2845604
2844617
2844315
2459370
2853057
3416994
3252262
3250670
3247326
3211162
3140862
3043289
2976106
2901483
2855268
2851350
2847072
2846315
3216959
3067243
2847074
3395362
2850923
3211978
3211965
3165970
3069983
3048954
2839666
2839664
2839637
2838632
2840610
3401731
3401730
3251596
3410777
3372681
3369583
3266082
3174777
2971143
2837233
3402532
3410891
3409950
3382815
3379357
3379356
3367315
3174740
3129443
2966856
2902643
2899333
2841709
2835473
3370463
3371560
3285899
3163711
3137181
2901674
2901113
2900318
2898269
2840175
2834543
2832604
2895254
3359284
3375139
3370455
3362942
3350581
3252031
2899160
2894229
2855240
2855239
2836824
2836152
2833991
3346838
3346837
3346833
3340078
3276498
3247293
2895431
2831341
2832195
2830943
16867358
3420162
3387517
3374808
3362035
3353441
3350993
3339293
3336001
3335997
3211915
3211905
3210007
3188932
3149772
3147479
3147475
3147381
3144404
3127853
3121260
2970012
2969457
2961881
2855850
2855098
2852377
2851847
2850500
2846978
2845219
2845215
2832857
2463689
2454493
2826950
2831070
3453207
3426795
2831695
2827704
2825200
3683083
2961585
3427441
2889994
2890074
3690365
3678057
3671362
3429408
3123447
2960478
2831515
2829049
2824980
2824758
2824755
2824750
2445517
3676787
2826178
3685050
3682088
3680614
3675853
3481242
2825222
2825220
2825063
2822908
3666034
2825913
3041143
2823970
3678618
3659111
2893357
2823789
2823167
2823089
2822829
2822641
3676713
3653249
2822439
3613837
3039272
2441221
3600195
3600193
3659093
3508536
3302207
3039139
3620963
3040177
3298911
3036838
3620774
3612524
3605414
3454671
3040654
3039035
2821555
2821554
3620936
3601009
3593812
3592007
3571432
3038836
3038139
3035177
3607463
3038579
3656096
3615545
3580701
3308215
3033246
3033213
3580888
2882401
3594229
3572784
3565571
3559033
3034303
2882399
3821370
2881149
3680580
3575366
3575365
3559988
3553834
3548443
3504387
3031383
2953335
2883290
2435888
2949129
3030494
3826875
3818993
3539980
3297022
3027318
3027317
3026683
3815116
3794708
3790639
3687898
3687888
3687878
3671810
3671520
3628520
3628295
3628278
3575497
3563109
3562485
3559457
3542577
3454343
3446373
3435737
3329169
3125440
3124142
3114797
3107034
3104950
3040023
3033716
3030873
3025501
2956960
2893982
2831700
2831165
2830531
2830524
2830520
2829584
2820832
2820433
2819908
3031743
3025539
3801750
3030209
3028550
3773644
3022745
3801871
3022093
3814350
3794740
3767162
3562324
3538063
3533370
3492352
3021954
2944913
2434113
3762313
3020332
2876373
3780414
3768031
3640642
3024662
3020246
3020245
3020228
2944564
3021476
3785509
3785506
3774822
3760220
3759744
3267398
3026544
3022308
3018757
3018242
3018231
3018230
2875765
3089534
3639451
3763665
3741602
3489902
3017514
3017495
3016502
3016272
3016244
2942391
3015356
2941636
3762878
3749218
3742156
3734697
3734696
3732628
3728712
3723392
3720659
3717421
3019487
2879914
3722068
3517031
3459065
3011487
3011217
3009717
2938937
3733981
3713432
2871452
3011007
3719314
3708367
3011211
3711987
3701789
3700983
3698906
3518492
3009817
3009783
3009150
2938932
2938524
3708354
3720824
2870306
3958962
3520602
3517082
2870933
3951334
3950867
3947710
3701917
3521663
2936929
3697686
24271359
3947698
3946804
3006087
2940040
3005000
2934599
3950006
3943269
3941402
3941353
3826024
3823200
3823199
3808218
3728193
3557806
3541052
3529831
3524388
3524387
3123965
3092100
3092099
3092093
3092091
3090442
3088658
3088644
3025902
3020674
3020413
3014973
3014971
3012488
3010087
3009251
3007830
2950531
2947253
2946562
2944026
2939305
2893264
2875491
2871535
2869440
2868465
2867688
2829013
2828993
2828990
4094718
3004996
3000523
2999106
3003626
4075082
4095190
4095181
4084815
3842024
3834073
3000501
2999408
2419770
2416909
3000805
24271122
4084183
4080766
4080758
4080100
4057080
4057078
4057071
3002317
3001233
2997432
2935140
2934749
2934748
2867174
2865892
2865342
2998381
4054212
2996912
4070418
4070326
4045722
4042525
4031019
3843301
3002205
2995111
2995741
4052749
4033351
4033357
4064907
4063057
3901041
3002693
2997887
2997654
2993609
2993589
2992300
2864100
4043225
2991684
2862958
4070392
4059307
3843739
3843737
2997642
2989428
2865117
4059587
4009506
3892216
2992669
2991795
2991346
2409281
2409280
2989632
4023023
4022271
4009482
3908340
3896411
3843728
3843718
2993171
2991949
2989500
2867051
2867050
4018136
4005545
4040246
2999724
2985759
3990510
2986002
2984501
2859095
4039002
4011730
4000407
3991774
3983028
2991678
2859565
2578990
3986523
3991759
3991756
3979972
2983171
3838691
3921389
3971145
16726000
4039802
4039067
4000410
3969057
3888577
3888575
2987990
2987740
2984700
2982011
2860592
2859972
2582304
2984010
4067601
4047981
4041065
3991363
3981418
3936101
3931155
3927336
3923525
3923521
3916036
3914209
3908352
3903533
3891654
3832903
3007777
2997824
2997614
2986883
2981129
2981076
2869149
2412252
6529627
6505691
6543246
6522309
6389867
6209395
6099514
6099513
6099508
6099494
6099490
6099488
6099471
6094248
6092812
6092373
6520774
6488691
6150815
6095280
6092898
6091150
6529975
6541499
6541122
6386494
6150086
6149142
6092607
6090663
6088697
6090835
6482651
6090834
6541075
6499910
6094203
6494208
6469938
6469937
6469936
6469935
6469934
6469933
6469932
6469931
6381473
6206224
6093153
6088469
6088468
6088467
6090179
6540590
6540199
6093942
6087062
6541225
6479015
6429197
6147336
6146706
6146699
6098896
6374352
6329467
6463075
6431449
6328530
6328153
6086361
6328147
6330479
6326965
6326964
6326963
6738824
6737235
6716270
6539667
6473168
6433331
6330766
6330764
6330761
6329589
6326151
6146106
6539142
6722534
6728879
6703387
6091160
6708723
6538628
6324770
6718461
6709679
6709677
6583447
6547224
6486774
6434974
6434972
6325463
6321146
6207431
6148913
6738790
6607339
6424632
6697193
6691146
6321207
6319931
6694998
6543435
6543398
6540897
6524509
6519154
6494192
6475891
6475888
6443393
6443380
6443377
6440184
6436825
6394130
6388274
6388273
6323369
6319107
6151208
6141278
6100022
6099871
6093484
6093137
6084846
6318895
6316064
6668313
6662195
6670857
6665302
6657726
6655565
6315775
6313736
6197313
6419179
6667710
6363990
6321203
6640516
6637740
6320316
6640302
6686142
6653389
6646353
6629966
6619824
6316371
6314167
6312042
6196793
6314208
6310295
6612331
6310750
6313397
6308767
6686324
6634902
6634889
6633822
6359093
6310111
6867737
6881329
6875851
6634886
6634872
6422028
6347117
6309428
6192235
6883119
6883097
6352139
6304445
6884432
6873180
6889416
6136987
10317352
6302425
6408390
6308695
6410281
6410276
6410264
6839176
6303805
6338330
6843792
6843791
6682490
6131119
6299472
6299458
6835979
6831119
6682230
6681633
6681632
6308317
6300933
6300721
6296358
6301847
6827900
6843782
6686696
6684293
6678390
6578730
6415729
6408661
6407041
6403960
6322365
6319928
6319921
6319917
6319914
6319896
6319895
6319887
6306614
6296330
6201940
6188774
6184003
6141501
6136392
6135144
6133288
6131962
6129881
7162354
6295552
7143239
7143233
6298835
6298834
6292396
6130527
6130451
6295778
6891739
6129982
7177344
7138234
7131294
6294686
6294682
6290634
6290184
7154836
6296572
6296567
6755122
7181582
7178183
7166139
7145032
6891063
6292420
6291701
6292636
6292615
6183549
6128656
6128653
7145041
7143556
6294168
7100917
7132574
6289965
7089582
7121747
6299265
6291068
6288945
6288413
7108900
7097642
6289026
7109840
6286325
7111349
7111345
7086683
7085584
7045089
6806253
7109826
7047964
7089032
7042396
7042395
6978757
6281084
6176696
7087676
6283437
7061693
6811941
6289119
6280208
6280206
6280203
6121523
7200037
7067729
6203600
7062259
6281826
6278127
6278126
6276506
6121047
6121045
6120359
6277426
7065829
7057394
7037459
6276546
6121872
6122153
7060629
7202207
7171079
7167863
7150691
7122510
7119946
7079321
6961864
6961861
6889739
6817368
6813889
6760771
6760769
6297359
6296898
6291084
6290924
6289627
6281840
6278352
7329205
7185891
6101080
7312906
7297627
6271598
6271322
7300562
7198791
6287349
7284781
6271561
7268445
7318681
7291246
7290360
6765486
6272086
6272084
6266608
6272048
7297411
7195937
7026993
6271835
6271831
6268235
6116207
6115930
7318888
7291235
7291218
7023894
7017107
6974870
6270541
6114837
6264311
6267391
7229996
7196050
6264340
6262493
7229971
6262485
6263637
7195448
7232476
7205651
7205644
7242242
7231051
6266844
7205630
6259293
6166807
7250068
6783917
6783916
7215432
7465612
7452507
7340503
7330080
7323217
7301882
7232665
7232659
7203820
7195294
7195052
6798611
6798609
6791204
6791198
6791016
6791015
6791014
6791013
6791012
6791011
6791010
6791009
6791008
6791007
6791006
6791005
6791004
6791003
6791002
6791001
6791000
6790999
6790998
6455284
6455283
6276733
6276726
6272677
6268381
6267469
6108466
7435717
6266433
6261273
6259471
6259220
7202485
7464456
6107698
6256182
6161013
7442939
7441501
7192404
6109606
6107608
7414330
6249450
6252015
7422689
7400959
6107224
6105206
6254782
7461877
7191065
6774622
7378834
6993656
6248627
6247214
6162947
6156240
6110766
6106678
7379964
6247594
7365688
7357808
7188963
6771774
6767889
7359340
6256633
6245210
6244390
6247596
7352279
6245423
6101980
7428332
7395603
7367458
7190698
6993401
6927049
6907020
6890239
6768078
6272240
6255487
6254356
6252794
6250102
6246747
6244551
393928
574545
512931
583333
551319
496053
231991
44389
41087
522615
510393
522608
510378
228671
523496
44036
226215
499333
530471
477732
298339
219939
481705
465866
220890
220407
117373
112621
439005
374068
226864
118856
108682
86208
461486
461479
223174
219179
108382
485705
421447
420348
440006
762657
762651
424476
218009
107446
755620
572694
570272
550130
546626
539577
517492
517491
515087
441097
437945
232441
224675
219728
218233
216447
216330
121360
121347
121346
121339
121328
95036
95035
42280
33396
740012
734225
215744
152622
688025
31527
733832
733827
723970
219434
30814
730406
714975
692825
682114
567585
210831
211360
98797
209185
101850
674824
660528
208742
97713
672425
658129
26754
26554
663407
252920
205867
626239
564769
365122
204766
413904
203494
202879
755381
747177
747176
645364
418355
369432
283722
218109
218108
218107
218106
211530
206109
158518
106298
106297
106296
73588
27943
920847
201861
927009
563313
200967
562763
911218
591144
338517
201577
909610
905632
561312
894682
562646
881456
865620
880876
194170
853872
849672
193169
844498
844495
66306
188138
834360
198833
189228
186159
1036502
999987
999452
186283
982058
826950
978296
977685
964342
185061
1088899
1088898
1004531
1004530
1004529
974367
954353
826824
821786
794728
794727
794726
794725
794724
794723
794722
794721
794720
794719
794718
794717
794716
794715
794713
785400
187943
187942
187941
187940
63915
10147
945350
822483
6793
1064881
945438
945347
773586
935974
819644
6233
1271953
1254668
1265343
1259524
1258715
944026
6708
3994
56139
1071365
996000
989388
967234
967233
967232
967231
967230
959310
943794
828467
828465
823438
812979
787798
189354
184055
184054
184053
56258
11501
1241097
1212020
1195133
13983
1197924
1196002
1201850
1188187
810832
241656
239958
239235
1148827
1151958
1137995
1142071
237112
1133815
236796
235639
1168347
1127596
1241971
1241970
1234983
1234982
1234981
1227303
1227302
1227301
1227300
1227298
1227297
1227291
1181122
827709
775969
179316
13306
4433085
4156313
4156301
4827793
4811279
4467728
4707988
4794989
