29105118
29104320
29102059
29100152
29099849
29097161
29083801
29080351
29057261
29055281
29049469
29049278
29042804
29042247
29042208
29041942
29040826
29024559
29024552
29016275
28991360
28978715
28971229
28968188
28959434
28948482
28947376
28940866
28935287
28934264
28920822
28919771
28919541
28919445
28918668
28918581
28894635
28891834
28890053
28885299
28877518
28868795
28868576
28867062
28864261
28860980
28850647
28850596
28849104
28847457
28846769
28836711
28829526
28827047
28818558
28806638
28806388
28795846
28780411
28779373
28775872
28768314
28768313
28767537
28766982
28760227
28753481
28744288
28742957
28734107
28733097
28728646
28728114
28721822
28702203
28700791
28693915
28687195
28673521
28669481
28669022
28663674
28663110
28662966
28659987
28658981
28642332
28642209
28640990
28638432
28635181
28628701
28626482
28609749
28607740
28605827
28604472
28595525
28591852
28580486
28576389
28554659
28553701
28547246
28546740
28543191
28538998
28536981
28536980
28536359
28527855
28527854
28526967
28515558
28510411
28502630
28501906
28500210
28493563
28481727
28481169
28479011
28476270
28476269
28473233
28466424
28463553
28462579
28457152
28449955
28445097
28440810
28438708
28421874
28421338
28420033
28412373
28410920
28409564
28408331
28407740
28406579
28404521
28401564
28387833
28385676
28379861
28378293
28373674
28370746
28363076
28363055
28358754
28357460
28350226
28343423
28341227
28334661
28330727
28328148
28325149
28324705
28322750
28322465
28319159
28317188
28315644
28301250
28301219
28294136
28292021
28291693
28291571
28286852
28280461
28277185
28274648
28270926
28267152
28263712
28247556
28247526
28246654
28246225
28245771
28240173
28239984
28236511
28220511
28220474
28216719
28215999
28205146
28192104
28190044
28187396
28184294
28176798
28168894
28168885
28167903
28166603
28163104
28161142
28159648
28153651
28144772
28137730
28134463
28132696
28130990
28130086
28130024
28118565
28106937
28105567
28093021
28092666
28088065
28080912
28070862
28068780
28064151
28061441
28061017
28055135
28044452
28039905
28034985
28029718
28029083
28026920
28011389
28010130
28006997
27988274
27987236
27984008
27955689
27936293
27932062
27930926
27927048
27925265
27922226
27919103
27905779
27895598
27891289
27888590
27875802
27871910
27870313
27859761
27849111
27818236
27813192
27809868
27803689
27773782
27687743
27787292
27718159
27782295
27777966
27720326
27545091
27525968
27743985
27768385
27470429
27637375
27605628
27503688
27746715
27743800
27736689
27734745
27732121
27715317
27703986
27700187
27692188
27691936
27690505
27678551
27670755
27665667
27659699
27656031
27647699
27646808
27636677
27633982
27628064
27627782
27613150
27609425
27600945
27600363
27594921
27590609
27590007
27588701
27583422
27578083
27567436
27565106
27563497
27561742
27550978
27550954
27539178
27538675
27534932
27534440
27531386
27531058
27521809
27519154
27519128
27512336
27511893
27510489
27510425
27509572
27509560
27503284
27498137
27497768
27495821
27484692
27480445
27477337
27472317
27469281
27440951
27440072
27438908
27436632
27434137
27424012
27419333
27417446
27411969
27402770
27401883
27394934
27392602
27388713
27388712
27387831
27379819
27379743
27378550
27373317
27362466
27348818
27338968
27333729
27328752
27320641
27312405
27302030
27299618
27296831
27296151
27283839
27282118
27279602
27273582
27269866
27267498
27261513
27261473
27254113
27253690
27246171
27245230
27240677
27238566
27236593
27236030
27235740
27235620
27217808
27217728
27213949
27211996
27211993
27211522
27199749
27192330
27191857
27189967
27184925
27184387
27184259
27181165
27180088
27178765
27173413
27172347
27159820
27157410
27137146
27121539
27114740
27113225
27109624
27100203
27081261
27079778
27079125
27070052
27067344
27063550
27053517
27046656
27043121
27038317
27028913
27028699
27027362
27023898
27021234
27018393
27013944
27010380
27008795
27008037
26990998
26977830
26976581
26972745
26962129
26957883
26954413
26954408
26954405
26950234
26948856
26944000
26936802
26934640
26928671
26928397
26922659
26920817
26907809
26905901
26903543
26900888
26896200
26888328
26887340
26883739
26879900
26879458
26877219
26874684
26874330
26869247
26868660
26867023
26860331
26856827
26851200
26845589
26839023
26833888
26832998
26831175
26825639
26823295
26820699
26820059
26817034
26814245
26810044
26809351
26808307
26806780
26804639
26801398
26798982
26796966
26795938
26780565
26780488
26780476
26779860
26776953
28959545
26773883
26773164
26768685
26763934
26749217
26742690
26741052
26740662
28817853
28333660
26717532
26715052
26714742
26713079
26712376
26710657
26709723
26702846
26698265
26695349
26694529
26679384
26674372
26669310
26667531
26664156
26664083
26663237
26662031
26658085
26657076
26655695
26654934
26654213
26652895
26650429
26648650
26648614
26641452
26639682
26639678
26635059
26619775
26617058
26609670
26603732
26598763
26598003
26594724
26594143
26592537
26590621
26589243
26587796
26586963
26584571
26583653
26583016
26577297
26560326
26546222
26522924
26514556
26512740
26511777
26507831
26501171
26500121
26483076
26478934
26476133
26474659
26467975
26462331
26460570
26455758
26449162
26439728
26437315
26427671
26417092
26416344
26414784
26410545
26406300
26397759
26392442
26382553
26378136
26369654
26363892
26358220
26354994
26350161
26349557
26345338
26342499
26339899
26329380
26325040
26318102
26314552
26313898
26313157
26309861
26307636
26305522
26301931
26299956
26295464
26288469
26280708
26268145
26260605
26260061
26257480
26257334
26250442
26246443
26243172
26241181
26226962
26226591
26222044
26220464
26213378
26203498
26202376
26201215
26191654
26189794
26188600
26188223
26187456
26185467
26185466
26164674
26158698
26150678
26147003
26141191
26135853
26122463
26119823
26119641
26110357
26108334
26107099
26107096
26106929
26105136
26105116
26099536
26098729
26097003
26092968
26091546
26084940
26078009
26076211
26071155
26056031
26053024
26051817
26050241
26049209
26049060
26048798
26045511
26044906
26044640
26043235
26040215
26037158
26035084
26031346
26025420
26022268
26011742
26011641
26010811
26009787
26007645
26005722
25993547
25992402
25992401
25982086
25973526
25973455
25971593
25967924
25955964
25950242
25943358
25938514
25935714
25933968
25933795
25931433
25928699
25927914
25927665
25925946
25925715
25921475
25919978
25919941
25918964
25911583
25909320
25907815
25906771
25905366
25901587
25901451
25900872
25900871
25896879
25886539
25884917
25881118
25881117
25879513
25876512
25873617
25861786
25853862
25851485
25841704
25832297
25829356
25825466
25823631
25819700
25817230
25816931
25813216
25810023
25808344
25803343
25801501
25794846
25793206
25787988
25787747
25783191
25781230
25775099
25774010
25773958
25762676
25761458
25760804
25757673
25747924
25747921
25747920
25743758
25742215
25742208
25741479
25724154
25716198
25715171
25714749
25712671
25712173
25703440
25697724
25692921
25690515
25679122
25678914
25675975
25669614
25664525
25664494
25664208
25664202
25663760
25661549
25658740
25655411
25655226
25653563
25652768
25647453
25643848
25643645
25639561
25637376
25634851
25629881
25628547
25625602
25623409
25623408
25622272
25622123
25620274
25618226
25617792
25616210
25612100
25612099
25609921
25607785
25602580
25601826
25593096
25591478
25590027
25586403
25585583
25581657
25581305
25573369
25573119
25567476
25565473
25559569
25556773
25555621
25554995
25554482
25552382
27667970
25542074
25539634
25531960
25531355
25524751
25519680
25518754
25516200
25506132
25498394
25491744
25487784
25486403
25481857
25481453
25477827
25475959
25466704
25460532
25459926
25459893
25459104
25457129
25456560
25454638
25449391
25449041
25446568
25446206
25445974
25445079
25442314
25442002
25434595
27226947
25421518
25421512
25418525
25418439
25417789
25415192
25410894
25403116
25395816
25392958
25391549
25387448
25381183
25375267
25372849
25359257
25350468
25346506
25346505
25336782
25336765
25336035
25335648
25330017
25329224
25325878
25325292
25322681
25310199
25308382
25307867
25307594
25302627
25297905
25287870
25284545
25271655
25269022
25264467
25262980
25261342
25258511
25251201
25245060
25240704
25239213
25236185
25230208
25228120
25227627
25223901
25217253
25217046
25216068
25198217
25186835
25185350
25183508
25182664
25182514
25178815
25178814
25175870
25151304
25147168
25134047
25121404
25121147
25117849
25109792
25109571
25109569
25105812
25102328
25101542
25100293
25098969
25096956
25093831
25092049
25090615
25086835
25083268
25070809
25069013
25069012
25066321
25065832
25065344
25057957
25052197
25046272
25041200
25037206
25034299
25030485
25027533
25020125
25020077
25017386
24995905
24978316
24973897
24973818
24973366
24972039
24971217
24970924
24968803
24967470
24958228
24949564
24945054
24944865
24940556
24936803
24935915
24923251
24920732
24919534
24918835
24915880
24914414
24905513
24904757
24904419
24902873
24891526
24889849
24886878
24874699
24871705
24871207
24866991
24863033
24858375
24854219
24851030
24846619
24844744
24835677
24832963
24825644
24819092
24817033
24815199
24813545
24813527
24812024
24809337
24796820
24796492
24792981
24785762
24785567
24779575
24777492
24773391
24770627
24766756
24766397
24763910
24758591
24756764
24754973
24748657
24747662
24742304
24739358
24738071
24733235
24726844
24725220
24725195
24724887
24712163
24711667
24708659
24706503
24704710
24699386
24697498
24696081
24695742
24695020
24682505
24675031
24674234
24671624
24671340
24661324
24659754
24657279
24655631
24654737
24650828
24644335
24644334
24635882
24633576
24633528
24631297
24614808
24614566
24613828
24605013
24602802
24602363
24598474
24590915
24589346
24583747
24583188
24571193
24565314
24562401
24560952
24560438
24558033
24557083
24555641
24552522
24551070
24550443
24531208
24526250
24523233
24520330
24514570
24512968
24511431
24511042
24510382
24508751
24503624
24503508
24500433
24486436
24484983
24480726
24478536
24472398
24471478
24464838
24464531
24456403
24456374
24455776
24431012
24424425
24421289
24413399
24412802
24411184
24410326
24402092
24395718
24388844
24384538
24374748
24366190
24363821
24358569
24353217
24347767
24346745
24344859
24342569
24333676
24327043
24327041
24311890
24307430
24306132
24305833
24299657
24291668
24291355
24289087
24288728
24285378
24257074
24252444
24246244
24244983
24234803
24221826
24220019
24218151
24218048
24214100
24206269
24200890
24184385
24182622
24176612
24172116
24171147
24159907
24157490
24153411
24152140
24145220
24144653
24144240
24135337
24133661
24126280
24126206
24124373
24114428
24113927
24113418
24109443
24107112
24106370
24105441
24091137
24090623
24089691
24084045
24078107
24071566
24066621
24064009
24063986
24063087
24055076
24053426
24052788
24052453
24052307
24051235
24051063
24046666
24043724
24036398
24035645
24033779
24020866
24018540
24014913
24009842
24008352
24001296
23998986
23995596
23986225
23984836
23984635
23976952
23975038
23974768
23973647
23968971
23965295
23955905
23953813
23952195
23949908
23947734
23943543
23939642
23936895
23933468
23933210
23932227
23925680
23925619
23925616
23924756
23918871
23916912
23908387
23903243
23901215
23891777
23891651
23890764
23889334
23889231
23889161
23881667
23881605
23881045
23880055
23877505
23877147
23875623
23873853
23856908
23855719
23853649
23853171
23846544
23844255
23835352
23834775
23834367
23831446
23827259
23813295
23810221
23805859
23802568
23800721
23800222
23799068
23791558
23790742
23788174
23787819
23782897
23778620
23777539
23775075
23766091
23762965
23761973
23761054
23754134
23752879
23752772
23751259
23750742
23749733
23746430
23746197
23745947
23744347
23736314
23735301
23732971
23731692
23731419
23729643
23728641
23727404
23721804
23721530
23714324
23713743
23713721
23712541
23711584
23709323
23701526
23701272
23697901
23690227
23689673
23683793
23682308
23680702
23675763
23675405
23673291
23672966
23668624
23650968
23649949
23644347
23637207
23634190
23633366
23625271
23624641
23624290
23624288
23619030
23617468
23605506
23604277
23594453
23591123
23590816
23590208
23590187
23577900
23573810
23572466
23571420
23566774
23562264
23561653
23550625
23549827
23549670
23546884
23544597
23543091
23542927
23542298
23540350
23534906
23528353
23524044
23523991
23515429
23512167
23503684
23503545
23499782
23499661
23497761
23494371
23490304
23489381
23489253
23484859
23478431
23473921
23473323
23471422
23470804
23467353
23456576
23456431
23455599
23448473
23447620
20301450
23440178
23437926
23435273
23434041
23426445
23426209
23417751
23408728
23402082
23400047
23398725
23398292
23398219
23398164
23397604
23392920
23391399
23384483
23380104
23376103
23372103
23370666
23364815
23362164
23361094
23359310
23356858
23347236
23346966
23336713
23334174
23331881
23331880
23331879
23331878
23331877
23331876
23327357
23312429
23302184
23300784
23299095
23279646
23275062
23272347
25383315
24967306
24729984
23265686
23265145
23264316
23252742
23242099
23241479
23240906
23237314
23231573
23231446
23227366
23226534
23225130
23223834
23223282
23222260
23217610
23216641
23212389
23207598
23205722
23197773
23188075
23186301
23183627
23178563
23178527
23177384
23168379
23166745
23159788
23159524
23157895
23139366
23138934
23135875
23135529
23128921
23126554
23125072
23121581
23118019
23110786
23109863
23103774
23101980
23101148
23095430
23088328
23083028
23082827
23077943
23077646
23075288
23073726
23065849
23063739
23062774
23062049
23060515
23055738
23053608
23045720
23036218
23032071
23028524
23019498
23010468
23008452
23001479
22999198
22985676
22972534
22967990
22967782
22965853
22963992
22962958
22960407
22956800
22954510
22950315
22946873
22946581
22945623
22943926
22941847
22940695
22936083
22931520
22929597
22926596
22918032
22914074
22909206
22903349
22898437
22894733
22875830
22873183
22866296
22860172
22841808
22833995
22827928
22818080
22817867
22816021
22810115
22810057
22805601
22803167
22792289
22784611
22784013
22776054
22771010
22770638
22770490
22766006
22764364
22763121
22761302
22759074
22749946
22747544
22747521
24494140
22743574
22736766
22735633
22732665
22728209
22725682
22723540
22717418
22710911
22709825
22687282
22683223
22676570
22676261
22668883
22659976
22642416
22640768
22640757
22628183
22623016
22616317
22612306
22596164
22596150
22595640
22594709
22593047
22589236
22587755
22575752
22575744
22575525
22575355
22574678
22574676
22568872
22551231
22551036
22550944
22549276
22549204
22546226
22542677
22541040
22537770
22534819
22534347
22530908
22528547
22526543
22525000
22515274
22514856
22514855
22514834
22513524
22511629
22508374
22494221
22490239
22487769
22487087
22484111
22480625
22471668
22468917
22465615
22462645
22457501
22451093
22448505
22442070
22440692
22439841
22437504
22429255
22426027
22420453
22418875
22415159
22413747
22412690
22410963
22404717
22397905
22395768
22392864
22392627
22389180
22386181
22385598
22361211
22357166
22354464
22347024
22346357
22343623
22335183
22333328
22328595
22326670
22324565
22320026
22310470
22305145
22302826
22302505
22289023
22280332
22264217
22263713
22263709
22263545
22261437
22258966
22256863
22249895
22249001
22243563
22240038
22238334
22235870
22234164
22233189
22230321
22224838
22221277
22210742
22209890
22209819
22208805
27933600
25954530
22204802
22204068
22200548
22196236
22189052
22184124
22183092
22182833
22180367
22173030
22166127
22162639
22150655
22150002
22138236
22136373
22132369
22128878
22123184
22116765
22110284
22108651
22108648
22107877
22106286
22098810
22098111
22091732
22089316
22086665
22079773
22078567
22074899
22069367
22067321
22056608
22051215
22046937
22045373
22034654
22034548
22033345
22023056
22018601
22015431
22014186
22009238
22005157
22002175
21998076
21997147
21996646
21992933
21991594
21988815
21970135
21967071
21964915
21962974
21961502
21960665
21960180
21953882
21951371
21951213
21946895
21940429
21933692
21929827
21925828
21924845
21918649
21917593
21912330
21910569
21909635
21904098
21903117
21902287
21900886
21895762
21895714
21887861
21880450
21878578
21876436
21874227
21872220
21858458
21856478
21856477
21856476
21856474
21850280
21845160
21844831
21842273
21841040
21839129
21836464
21836460
21831253
21826405
21823547
21818506
21810165
21808756
21807817
21804585
21803531
28455822
21797892
21792747
21787433
21761950
21761949
21761948
21761946
21785538
21785483
21785031
21784323
21782353
21775651
21775073
21771602
21769056
21769033
21764311
21757186
21742445
21741968
21738771
21736895
21736885
21734650
21731898
21729744
21724671
21723199
21722680
21719828
21718302
21716095
21715107
21703826
21696912
21696355
21695393
21693150
21689677
21689063
21685245
21685240
21683049
21679264
21666232
21660873
21657861
21651459
21641219
21640148
21630516
21630515
21630510
21630508
21616664
21606123
21606111
21602598
21598037
21593282
21584896
21575016
21569055
21568361
21565223
21555938
21554565
21550962
21549821
21549636
21545805
21536702
21531450
21529930
21529928
21514668
21513688
21508935
21507127
21502953
21493167
21492094
21491383
21486473
21486104
21484425
21481651
21477621
21474600
21471758
21470065
21470064
21468673
21465551
21458450
21454917
21454318
21452464
21449706
21443939
21443301
21443293
21443039
21437991
21434584
21431004
21429809
21422164
21420495
21419715
21415049
21410481
21392099
21389306
21389301
21386701
21386072
21385944
21382667
21381712
21380937
21377383
21377275
21376180
21371948
21366875
21362114
21356425
21356418
21352825
21348558
21338616
21328250
21327171
21324329
21320227
21316152
21314752
21303476
21301935
21300053
21293255
21291870
21289167
21286024
21274825
21272018
21266619
21266377
21261434
21256121
21254901
21249653
21247284
21246556
21238560
21228058
21225019
21225012
21224041
21222554
21211500
21209242
21209213
21209211
21208168
21198709
21197148
24474859
24474855
24312755
23580015
22879748
22879745
22439295
21192125
21186972
21181547
21175019
21174518
21171933
21168038
21166833
21165394
21160425
21155387
21154349
21152846
21150845
21146937
21145938
21143249
21138720
21137665
21134256
21132313
21126550
21118901
21117244
21111029
21106935
21098692
21085073
21084042
21075578
21075272
21045597
21057739
21051498
21046932
21040373
21034750
21030009
21029249
20981002
20975274
20975079
20974231
20973888
20969849
20965606
20965223
20957216
20955107
20953618
20952764
20949341
20948447
20946740
20943056
20940013
20940010
20931405
20926200
20926192
20924880
20889669
20888988
20884959
20868291
20864883
20863828
20862910
20860620
20846190
20843635
20839893
20839388
20833967
20832981
20826199
20812413
20807519
20803321
20802186
20801917
20801150
20800362
20799006
20739455
20735364
20731474
20730419
20729716
20728384
20726836
20722263
20716305
20713109
20709155
20707781
20702761
20695650
20695007
20691196
20688146
20678989
20676292
20675975
20673996
20673995
20673549
20659066
20655942
20655182
20654704
27713360
20645934
20640538
20637968
20631574
20626732
20626723
20626460
20626081
20623586
20619194
20616986
20616349
20615556
20605909
20600917
20598772
20597217
20597214
20595784
20592180
20585342
20579355
20579007
20579004
20577787
20570059
20565449
20562021
20561758
20560783
20559296
20546721
20542391
20537615
20535453
20534644
20528823
20525037
20516163
20516159
20509712
20504059
20491739
20490465
20489046
20486862
20483601
20482515
20482514
20482513
20482509
20479618
20478707
20466249
20462660
20460140
20456289
20453449
20451533
20451376
20445500
20443648
20441245
20438777
20438745
20438317
20426500
20424458
20418186
20415827
20415289
20413219
20409441
20403204
20401980
20401606
20401605
20400686
20398374
20394808
20393362
20392197
20390697
20386884
20374204
20372878
20371225
20363090
20361908
20361169
20360279
20360157
20357165
20356587
20355261
22952493
20347940
20347820
20345211
20336033
20333506
20305310
20235445
20234354
20232494
20232058
20231324
20224403
20223408
20214927
20212915
20202580
20201816
20201811
20196983
20195661
20192948
20190923
20188494
23965429
20185926
20184550
20173089
20171465
20170672
20169438
20167252
20166200
20164522
20159022
20157832
20153935
20153756
20153438
20153142
20150521
20141248
20138067
20137766
20134275
20132853
20123932
20117908
20116338
20101570
20101391
20096717
20096019
20091613
20091529
20084370
20081727
20077761
20073411
20073409
20066010
20065959
20056557
20056539
20053817
20051236
20047160
20045447
20044669
20042414
24494096
23579944
22942892
22778191
22448305
21589050
21423437
20039197
20026311
20025367
20014281
20014017
20006967
20006596
20005975
19999169
19997907
19996949
19995587
19969427
19969014
19965959
19953654
19951300
19951296
19950048
19948154
19946676
19945794
19945352
19944650
19934782
19931226
19930235
19929573
19926400
19926374
19918182
19917212
19913193
19901212
19899147
19898269
19895666
19892550
19888784
19882797
19878098
19874646
19874153
19864633
19859697
19855354
19855075
19853024
19846734
19843777
19840789
19837518
19835629
19834993
19831162
19822541
19822132
19821290
19819313
19817669
19809318
19806051
19805701
19800397
19794366
24494085
21265906
19785977
19783223
19783106
19777400
19773693
19764344
19762760
19748538
19748082
19744765
19743572
19736901
19729051
19724193
19723567
19717248
19715381
19713070
19708041
19698111
19696521
19692854
19686723
19686472
19683562
19683449
19682793
19675283
19673746
19671461
19670554
19661297
19657356
19656202
19650155
19647755
19647365
19639303
19636536
19635651
19634953
19630744
19630726
19630722
19624329
19377433
19621272
19619521
19619518
19617648
19608010
19605844
19605761
19595518
19593174
19592350
19591067
19585396
19584962
19583969
19583062
19581571
19577903
19576910
19576572
19576213
19576206
19569475
19567713
23966519
19560572
19559544
19559072
19555139
19555136
19551457
19549515
19548872
19541908
19538000
19537999
19531698
19531382
19524022
19523380
19523167
19523047
19523041
19520121
19515305
19506836
19505486
19502530
19494155
19489752
19486259
19485973
19484223
21769002
19478295
19469728
19463750
19463266
19463265
19462331
19461298
19453963
19453814
19448232
19446408
19445924
19444734
19443938
19443130
19442918
19435929
19422370
19413647
19410598
19403853
19403852
21462395
19401160
19399212
19395756
19395755
19394789
19394387
19383946
19382412
19380658
19379123
19374948
19374836
19370651
19368530
19368239
19365548
19364645
19364254
19364251
19362480
19346946
19346279
19345246
19344707
19340676
19340640
19339623
19322519
19305793
19302083
19298318
19297547
19296223
19293390
19290689
19283561
19282177
19279568
19278178
19273844
19270623
19270472
19269773
19263773
19261235
19261230
19258022
19255384
19253983
19253970
19251113
19248160
19240629
19238363
19234831
19232849
19232396
19225763
19220294
19219669
19217918
19217656
19217280
19217077
19212878
19200607
19199782
19189996
19186002
19182485
20401336
19172864
19172190
19170666
19167814
19165115
19162083
19160269
19155882
19153715
19150477
19146834
19136019
19135092
19135035
19122538
19118134
19115979
21696648
21687046
19110556
19110553
19106336
19104662
19097147
19084907
19081679
19070270
19062347
19059761
19059275
19059045
19058542
19056363
19054276
19053979
19053977
19043694
19042127
19041189
19038694
19034737
19032573
19032530
19031547
19027764
19027735
19024886
19024885
19023176
19022627
19020145
19019978
19011456
18997675
18997098
18976963
18972573
18971291
18955144
18950747
18942066
18931323
18928445
18926274
18925346
18923399
18855831
18855810
18855800
18849356
18848839
18841469
18840005
18838638
18832863
18828797
18826910
18824022
18823989
27688567
18819759
18817017
18813049
18807246
18805072
18804151
18804120
18803909
18803106
18800067
18799434
18799426
18797246
18796184
18795264
18793682
18779548
18777614
18775624
18775370
18774673
18774553
18768955
18768770
18766023
18765480
18760718
23584013
21768981
19915714
19915713
19915709
19885278
18755589
18753268
18729628
18728058
18726088
18725311
18721804
18717537
18715283
18712053
18706988
18705652
18704097
18703474
18701308
18701256
18694369
18689666
18688808
18688204
18681987
18671992
18671810
18662331
18656501
18656459
18644685
18641399
18639621
18639579
18639530
18637671
18636243
18635711
18633703
18631323
18616687
18612890
18612879
18602932
18598850
18597954
18594795
18594026
18593955
18593582
18587007
18586174
18585861
27408159
18584575
18584566
18584469
18584398
18583914
18581096
18580669
18579164
18577062
18571771
18571706
18569389
18567959
18566238
18562104
18562017
18552729
18552399
18551889
18551626
18549816
18540918
18540910
18537939
18536755
18528756
18518841
18515460
18511649
18509126
18509120
18502613
18502591
18499867
18499626
18492950
18482418
18482157
18482155
18473169
18472999
18470505
18468954
18466896
18465827
18465246
18457849
18455262
18454775
18449628
23969718
18441391
18440447
18439862
18439113
18436318
18434189
18434033
18429708
18429707
18428571
18427989
18425947
18425938
18413519
18394768
18391135
18391134
18389996
18387856
18384246
19727311
18367303
18364621
18354714
18353618
18353432
18349865
18349186
18348601
18343595
18343363
18342360
18339813
18339371
18337104
18336635
18332675
18329827
18329227
18328652
18325676
18321686
18308913
18305456
18305023
18298266
18298057
18296998
18294086
18289521
18288356
18286804
18286802
18278557
18276075
18275956
18273737
18269381
18262663
18262387
18262210
18253501
18250310
18250251
18250250
18241634
18241321
18237778
18225476
18223355
18222040
18221622
18221165
18214721
18212797
18207334
18203844
18198283
18195589
18190670
18187529
18184783
18183621
18183536
18178175
18171605
18164287
21768990
21677823
18157167
18155248
18088198
18081355
18080059
18079068
18078579
18070245
18068383
18062845
18058408
18056897
18053632
18048026
18047635
18046309
18036213
18034375
18031920
18028530
18027539
18023854
18022696
18004130
18001278
17997266
17997230
17988952
17988459
17983769
17974995
17970197
17969089
17965444
17965283
17960304
17960303
17959202
17957221
17951371
17949924
17949718
17939765
17936008
17935738
17934066
17931824
17925991
17920585
17920565
17918759
17917294
17910895
17909753
17908267
17906961
17893463
17891658
17891655
17883415
17882404
17880925
17874317
17873704
17873686
17873678
17870135
17851241
17850768
17850414
17845912
17844725
17768272
17768078
17764531
17761642
17725853
17720886
17716602
17716077
17714058
17707792
17705265
17704092
17696684
17702903
17698975
17692296
17689189
17685876
17685875
17684846
17683915
17683166
17681716
17674315
17667915
17664051
17661192
17651881
17651799
17646786
17638297
17632507
17632219
17626793
17626178
17623758
17617474
17615134
17611081
17610914
17606820
17605713
17605712
17605710
17605709
17605708
17605707
17601558
17600376
17599812
17598951
17592483
17588352
17587504
17582810
17581528
17578067
17574793
17574300
17573782
17572514
17564876
17563214
17562397
17560720
17555306
17551543
17550902
17550406
17550364
17539894
17530745
17526634
17517820
17514344
17512663
17508990
17504835
17502848
17499959
17499930
17498182
17494695
17488879
17487577
17487229
17484067
17482777
17482393
17475725
17475345
17475341
17473837
17470643
17469937
17459462
17459369
17457147
17456590
17454716
17454177
17453826
17453614
17452077
17451927
17451401
17449446
17447051
17444796
17443124
17436366
17434480
17428895
17428615
17418693
17415073
17414239
17410417
17409260
17407496
17407276
17405958
17403194
17402725
17400888
17397097
17395891
17392726
17391743
17391655
17389363
17383633
17379484
17379253
17376310
17374494
17374042
17374038
17374034
17369946
17368966
19071491
17351423
17347252
17346886
17345066
17344394
17340127
17336941
17336286
17335644
17332915
17329551
17329463
17329173
17323566
17323538
17322180
17322179
17322178
17320293
17320241
17319558
17319134
17319131
17315436
17315407
17309406
17307158
17306730
17306464
17305578
17303503
17295775
17295587
17292806
17292346
17286343
17286342
17286293
17284238
17280624
17273875
17270142
17270058
17270055
17267782
17267582
17265078
17264794
17264268
17250617
17244518
17229510
17227441
17224736
17224132
17222320
17220940
17220427
17219220
17213681
17207102
17207100
17205392
17204254
20640062
20640061
19454085
17193266
17192502
17190531
17187435
17187427
17182194
17176635
17174102
17172775
17172258
17165363
17163802
17157780
17156154
17152360
17146766
17146025
17139110
17136399
17136216
17127538
17126860
17126318
17125877
17118343
17114954
17114950
17112507
17112504
17110818
17109943
17109610
17105998
17098330
17098214
17097925
17091128
17089424
17088223
17084785
17080248
17076633
17075571
17073520
17068460
17068092
17063152
17060493
17054160
17049180
17047935
17047667
17045445
17045311
17020440
17015856
17012527
17010143
20703344
17008194
17008146
17000788
16984994
16983662
16979347
16978601
16978600
16978040
16978039
16978038
16978037
16972105
16971059
16969243
16968619
16968615
16968416
16968347
16967091
16963238
16963172
16962298
16961767
16961764
16961422
16960700
16952558
16939945
16939383
16934320
16930948
16930351
16925586
16923153
16921657
16919833
16919740
16919739
16919738
16919737
16919735
16919734
16915132
16910369
16905132
16902718
16901484
16899413
16899031
16887890
16887046
16884321
16880770
16874752
16874283
16865045
16861093
16861092
16854442
16847946
16847721
16847679
16847538
16847440
16845975
16841344
16839858
16839854
16831471
16824510
16822973
16820176
16819215
16815987
16815593
16806300
16802164
16798000
16797494
16785213
16784760
16782849
16782179
16781738
16778434
16773140
16769444
16766718
16759815
16759337
16756424
16756415
16750868
16750797
16750225
16740093
16739470
16737694
16735648
16728904
16728455
16723528
16722816
16719691
16716852
16716514
16716266
16713505
16712978
16712974
16712910
16696849
16682504
16681181
16670409
16669899
16648139
16647240
16644488
16644121
16642544
16639868
16639856
16639105
16634855
16634692
16632823
16625567
16625552
16621893
16620880
16614539
16612211
16611820
16611096
16597534
16597532
16597531
16595353
16574767
16574034
16573580
16573576
16567607
16565434
16564141
16554396
16553624
16548929
16548923
16546596
16545872
16543289
16542827
16540156
16534857
16533506
16533497
16533167
16527399
16520558
16519663
16516392
16514101
16503093
16502200
16499489
16496378
16496034
16495366
16493098
16493097
16493096
16493095
16492121
16491101
16490317
16489449
16487509
16484716
16483549
16472918
16467406
16466808
16465467
16461865
16456179
16455607
16449486
16449466
16449421
16449099
16446067
16442521
16437438
16437431
16434091
16433932
16427098
16425675
16424470
16422967
16420432
16416546
16413146
16409995
16406668
16401652
16398390
16395307
16393735
16390364
16385558
16382192
16381030
16379031
16375164
16372825
16367990
16365317
16361086
16360480
16360145
16325734
16318951
16317112
16316650
16314688
16313958
16313098
16306798
16305998
16303583
16300039
16292318
16292317
16289487
16289278
16289028
16286818
16286814
16286810
16283255
16282845
16282090
16282089
16277635
16272288
16268664
16266700
16262589
16258020
16257886
16257420
16256106
16254488
16251241
16247334
16246876
16244066
16239359
16237389
16236028
16226248
16223067
16223066
16223065
16223062
16223058
16223057
16223055
16223052
16223051
16216499
16216149
16212948
16210602
16206161
16204962
16203962
16203961
16203482
16202615
16201030
16200660
16198154
16195116
16193562
21120088
16191674
16191664
16191203
16188952
16188718
16188408
16187808
16183224
16182352
16169076
16169018
16168488
16166181
16163520
16156112
16156050
16154223
16142766
16142764
16140499
16140168
16139189
16137788
16135386
16135369
16133139
16132108
16125682
16123756
16123750
16123746
16122731
16118388
16118380
16118379
16117977
16112476
16111831
16109592
16098996
16098282
16097851
16095820
16088999
16084660
16083966
16080041
16075288
16055763
16055114
16054662
16053424
16052561
16052110
16046046
16028621
16026844
16026468
16025425
16025321
16025314
16024184
16023251
16020629
16019900
16012278
16010543
16006595
16001119
16001107
16000393
15996565
15992564
15988468
15986196
15985932
15979652
15979578
15979169
15976524
15976307
15972245
15969932
15961147
15961126
15956985
15956269
15955020
15953492
15948042
15943961
15940094
15939519
15937151
15936866
15936000
15934870
15932946
15918803
15917999
15914331
15912719
15912139
15910805
15908043
15907990
15907989
15907154
15906171
15900895
15899557
15897221
15894374
15893160
15886360
15876908
15866552
15862802
15861022
15858493
15857728
15850502
15843500
15842759
15837582
15831777
15829417
15821952
15821338
15820419
15811981
15808965
15808478
15806307
15804355
15799109
15797885
15795552
15789195
15788780
15787858
15785069
15784523
15784071
15778877
15777102
15776407
15771416
15764427
15752577
15745203
15744636
15743210
15743203
15736197
15733548
15732589
15732235
15726882
15726017
15718062
15716384
15713427
15711433
15707874
15706786
15706138
15703368
15694688
15682300
15680308
15678085
15674887
15672375
15671505
15665949
15664788
15662454
15661634
15658877
15653167
15652994
15652443
15649939
15639162
15637394
15630073
15629266
15620581
15619107
15615836
15611982
15610829
15608607
15608594
15607845
15607829
15602100
15599336
15598150
15591768
15590769
15588100
15584875
15584033
15582832
15581674
15581381
15581261
15579496
15574783
15569605
15569037
15563768
15561796
15552634
15550451
15550284
15547458
15544839
15542768
15542250
15541894
15541425
15538132
15533326
15530502
15527716
15526885
15525999
15525790
15506891
15496370
15496316
15488491
15468820
15465965
15461543
15456690
15456326
26984435
15389866
15381053
15380837
15380723
15377814
15370932
15370010
15369544
15368903
15365307
15365306
15364630
15363980
15363499
15362828
15355755
15354595
15353366
15353173
15351451
15345269
15342276
15339711
15330732
15329066
15328815
15327822
15322728
15318122
15317713
15315263
15312814
15312181
15312180
15305023
15304381
15301930
15301655
15296587
15291688
15290853
15288384
15275828
15273760
15265836
15265541
15262208
15257307
15257306
15255997
15255807
15252292
15252291
15252277
15246539
15236831
15235760
15232337
15232334
15225891
15222772
15219821
15219763
15219707
15213733
15212969
15212965
15210757
15204037
15203443
15203441
15203440
15200577
15196755
15193076
15189765
15183519
15183169
15182893
15182219
15178915
15177920
15165712
15164157
15163177
15161996
15158686
15153753
15152028
15150936
15146782
15140631
15138586
15135926
15130782
15130554
15120597
15112935
15112031
15109273
15102558
15102530
15102522
15100607
15100606
15099783
15098800
15093968
15093714
15085560
15084186
15082454
15078558
15077841
15077719
15066462
15065964
15063013
15056728
15055889
15054116
15054115
15051522
15051160
15050620
15049745
15044559
15044556
15044534
15043984
15039504
15037219
15034918
15030891
15029983
15024547
15024546
15018691
15001719
15000897
14999057
14996539
14994264
14993372
14988322
14985838
14981261
14972781
14972780
14972776
14962489
14960343
14761209
14759503
14755004
14752586
14751408
14750508
14748873
14746884
14743438
14742380
14741774
14741441
14733280
14728803
14727002
14724039
14723960
14722705
14718595
14717319
14712342
14711930
14708606
14706785
14699892
14696053
14691376
14691068
14690879
14678454
14668977
14666517
14666116
14665981
14664321
14663553
14660133
14660132
14646221
14645470
14644063
14640824
14647966
14647482
14636963
14635995
14634716
14634494
14634035
14633559
14627063
14625057
14621966
14621035
14615874
14613087
14609552
14607106
14607103
14603266
14602811
14601290
14600246
14598304
14597630
14586484
14575897
14575893
14575806
14575714
14574225
14573388
14569065
14569055
14568185
14563545
14561107
14560041
14559445
14557717
14557380
14557378
14556956
14535623
14534156
14534152
14530213
14519525
14512095
14508328
14506404
14504025
14504021
14502469
13129837
13129836
13129827
12973406
12969794
12968061
12967683
12966323
12963349
12957340
12957235
12957222
12951188
12944440
12937158
12931140
12925043
12922937
12922933
12920386
12915238
12914962
12914589
12914502
12913365
12910275
12907414
12906910
12896887
12895661
12892831
12892826
12891561
12885685
12878920
12878918
12878917
12875273
12873638
12873637
12873620
12872295
12871838
12865168
12865159
12859589
12857662
12857659
12854052
12851023
12850780
12850776
12850772
12845226
12843270
12842283
12835417
12835366
12831383
12829987
12828963
12826991
12826990
12814838
12814374
12813472
12810146
12804405
12802873
12802700
12802388
12795568
12794053
12790424
12790418
12790400
12784103
12782427
12778840
12774318
12768114
12766254
12759132
12755943
12751979
12751155
12749896
12747953
12747945
12747939
12745496
12738035
12736382
12730349
12730057
12721333
12719364
12714007
12712786
12710015
12707143
12706480
12706478
12706459
12703669
12703332
12700697
12700689
12694640
12689609
12688708
12681528
12681522
12684740
12683918
12676519
12676268
12668220
12664190
12658121
12656645
12655322
12653976
12653973
12653834
12651662
12649366
12649297
12646325
12644889
12644730
12642578
12638640
12638639
12637353
12633914
12623736
12620465
12618704
12608492
12606628
12604679
12601499
12598254
12591116
12588510
12585565
12572526
12570015
12568913
12565965
12559382
12559125
12558150
12557272
12555276
12551758
12546135
12543635
12543227
12542894
12538812
12537702
12536020
12536012
12535697
12525693
12521939
12519069
12516508
12513698
12511176
12505529
12503615
12500129
12498912
12495798
12495797
12495120
12491025
12490606
12490605
12486182
12479844
12474121
12473373
12467995
12467912
12466679
12454559
12450316
12445704
12445410
12437765
12435410
12434400
12427583
12425430
12424303
12422250
12419891
12419523
12410780
12406517
12404685
12402268
12401350
12401058
12399421
12399005
12398307
12393329
12393157
12388657
12388654
12388635
12385794
12384473
12377396
12376408
12376173
12376164
12376160
12373442
12373072
12369474
12366698
12359026
12357166
12351933
12351447
12323382
12244149
12242088
12233982
12230966
12227226
12225696
12225656
12223538
12206854
12217420
12217419
12209151
12208688
12208687
12207552
12204561
12202015
12198205
12195238
12191809
12190187
12188097
12185408
12184663
12183687
12183665
12180447
12175594
12167548
12166621
12161282
12152529
12151036
12150199
12144610
12133120
12131605
12130710
12126492
12126485
12113955
12112736
12106830
12101261
12100788
12098583
12098353
12094129
12093226
12090733
12088744
12084520
12080288
12076431
12076425
12076406
12072165
12069941
12069411
12067677
12065726
12065675
12064984
12062477
12057779
12052441
12049976
12049330
12044452
12038658
12038149
12033750
12031880
12031840
12030807
12028745
12023543
12019193
12020877
12020864
12011803
12009347
12007748
12006220
12006217
12002809
12000210
11997236
11997146
11990060
11985706
11982544
11981595
11978842
11976056
11973854
11973478
11973371
11964569
11964100
11961062
11961051
11959527
11958946
11958852
11958364
11949883
11948251
11937560
11927547
11926651
11914975
11912062
11910276
11906493
11900823
11898802
11895560
11895271
11887546
11877704
11876583
11875630
11866252
11862809
11862370
11861796
11852035
11850145
11840882
11832541
11829123
11826036
11823887
11821035
11812534
11805228
11805221
11804622
11791533
11791532
11791531
11791527
11787918
11786275
11786240
11784478
11784454
11783744
11780876
11778142
11772672
11765304
11763022
11762137
11760922
11759562
11759147
11756991
11755893
11755892
19811021
11752886
11752119
11752106
11750915
11747760
11745312
11742054
11742047
11739879
11736840
11731107
11729596
11728419
11727785
11727763
11726782
11725975
11720714
11718535
11711042
11710747
11707638
11707635
11707632
11707162
11704620
11701384
11698998
11698436
11696513
11694173
11692070
11689159
11687108
11687036
11682161
11672940
11668014
11668013
11665839
11606659
11606031
11602692
11602675
11595211
11585135
11584874
11584873
11584870
11584154
11580279
11580103
11579624
11578102
11575386
11571786
11567650
11566144
11564781
11564664
11563714
11562065
11557349
11557302
11557167
11556522
11554869
11553360
11552772
11548109
11548108
11547297
11543951
11534537
11483141
11531723
11527069
11526977
11525800
11524308
11522323
11522322
11520128
11516922
11516921
11513265
11510952
11508781
11506261
11506187
11505043
11505025
11504820
11504802
11504788
11501045
11500514
11496583
11495955
11495498
11489441
11487800
11480392
11478923
11476266
11475944
11475941
11474645
11468029
11466444
11465601
11465595
11457836
11455175
11448491
11448484
11448134
11448128
11446767
11445275
11445231
11441428
11439748
11438603
11432017
11430864
11428919
11425545
11414874
11409748
11413242
11412287
11410729
11410720
11406466
11405645
11408600
11408550
11408537
11408532
11408050
11399267
11395188
11391061
11386621
11386491
11386008
11382405
11377409
11367890
11366548
11366547
11365012
11359522
11358332
11353600
11349393
11348625
11341854
11336609
11334876
11334233
11331108
11325808
11325790
11325021
11319622
11318394
11316769
11316375
11311730
11309844
11303057
11303050
11303047
11303046
11301063
11300867
11297446
11294484
11294396
11293449
11292002
11286610
11282159
11276911
11275956
11274995
11272410
11271014
11270618
11268820
11268819
11268406
11264327
11264242
11259547
11259529
11259498
11255932
11254789
11250866
11246723
11245849
11240582
11239123
11233997
11231112
11226714
11210198
11205625
11199951
11199877
11198720
11198711
11198129
11197589
11195999
11192332
11191590
11188492
11182162
11181901
11180501
11179083
11177518
11173171
11166066
11164832
11164085
11160621
11160607
10755739
10755174
10754685
10754620
11155582
11154860
11153302
11146395
11146054
11140779
11140335
11139447
11139409
11137281
11125673
11125013
11123254
11122921
11122358
11113622
11113514
11113500
11112994
11111000
11110065
11106302
11105989
11104658
11104584
11102568
11099770
11098883
11097674
11093966
11093959
11091301
11091028
11091024
11090116
11085330
11082451
11082442
11082438
11078933
11078827
11078198
11076120
11076138
11074353
11073113
11069441
11055575
11055333
11053123
11049837
11046088
11045869
11045863
11045862
11044861
11044755
11044744
11040344
11034715
11033087
11030495
11029512
11027902
11026738
11026735
11021352
11020761
11018796
11016587
20575864
11011049
11010998
11007709
11003204
11003196
11003137
11002917
11002911
11002904
10999935
10996023
10990349
10989777
10989399
10989273
10986803
10986732
10982140
10982133
10982132
10982130
10973525
10973516
10973506
10970678
10969141
10968654
10965231
10962832
10958998
10956449
10955836
10953721
10946851
10945877
10945849
10945843
10943907
10942854
10940783
10940375
10937841
10937659
10928315
10917997
10923761
10921509
10913589
10912908
10911926
10908513
10907964
10907672
10905783
10903965
10900229
10899953
10899371
10899364
10897756
10896868
10896771
10896030
10893314
10891863
10891632
10890816
10890803
10890799
10891107
10884137
10882839
10880699
10880689
10880679
10877739
10875542
10874586
10871309
10870503
10867960
10865052
10856456
10854754
10844122
10843787
10850617
10845251
10841978
10835636
10835438
10833818
10832917
10825321
10822066
10822054
10821987
10821435
10816681
10814729
10813616
10812979
10812288
10812286
10812285
10812051
10810247
10810246
10810240
10810237
10809517
10809268
10806416
10802031
10802030
10801249
10799676
10796843
10796779
10794821
10794817
10794815
10794814
10789883
10786824
10781907
10781668
10780914
10780808
10780298
10780260
10780251
10775280
10773040
10772604
10771495
10770807
10768488
10764959
10764925
10764916
10764213
10762693
10762566
10760491
10757131
10746640
10744894
10743904
10743458
10742642
10741900
10741899
10737418
10733630
10731624
10731623
10731040
10730979
10729741
10729637
10730843
10727705
10723977
10720639
10719958
10718289
10718268
10716102
10714849
10708700
10677630
10677616
10707430
10703775
10703675
10698357
10692626
10688971
10688896
10684784
10684782
10681104
10677202
10676852
10673107
10672987
10672978
10672907
10672634
10669903
10669052
10666516
10665987
10665828
10663428
10663423
10666153
10658923
10657483
10653225
10653211
10652283
10650167
10650156
10648876
10648471
10647800
10642050
10638648
10636483
10636363
10634604
10633587
10627107
10618462
10619553
10617121
10617086
10615346
20681133
10615738
10615349
10615348
10615347
10612447
10607867
10608280
10605854
10602339
10598605
10593209
10591900
10591884
10591872
10591871
10585524
10589374
10585498
10583357
10578145
10553740
10574547
10568873
10568850
10565979
10565831
10557566
10556931
10556678
10556676
10556633
10551592
10549852
10548274
10536099
10535763
10529720
10529020
10527694
10526114
10525750
10525749
10525419
10520978
10519055
10517563
10515328
10515315
10513565
10512582
10512314
10512311
10507757
10503726
10497906
10497682
10495371
10493099
10494884
10485962
10483613
10479286
10478647
10474054
10472515
10470982
10470970
10466747
10465452
10463317
10462133
10461896
10461895
10461561
10460312
10459171
10459118
10457541
10456559
10456231
10455296
10454508
10454490
10454482
10453799
10451668
10451663
10450269
10448921
10448013
10446338
10445649
10441888
10435781
10435606
10435403
10435264
10433874
10433498
10428418
10425604
10422898
10422776
10422643
10421709
10421425
10419920
10418933
10418795
10418775
10416823
10416817
10415942
10415666
10414675
10414445
10411981
10407116
10407016
10403501
10401549
10400226
10397284
10397028
10394993
20575801
10386982
10386662
10381993
10382138
10381891
10381890
10379623
10376126
10374711
10373467
10372797
10370199
10369483
10369482
10369327
10367562
10367550
10357456
10353595
10352398
10350541
10347430
10344782
10340539
10340522
10336674
10334505
10331486
10328565
10327921
10235307
10234561
10233044
10230857
10230191
10230186
10229636
10225369
10222487
10220088
10219980
10218862
10217552
10215661
10212062
10209244
10208698
10208148
10208762
10208324
10205153
10202629
10201671
10200856
10200353
10200198
10198826
10195818
10195825
10195332
10192827
10190097
10103095
10102765
10102674
21455371
10097028
10096764
10096661
10096442
10095048
10093048
10091477
10090652
10087027
10082891
10082881
10082725
10082233
10080233
10080036
10078159
10077314
10074797
10073344
10071829
10071178
10069545
10064148
10051226
24897229
10048082
10029211
10029204
10028207
10027868
10027746
10025704
10023810
10023615
10023607
9990091
9987808
9988097
9988096
9987807
9974167
9972857
9972851
9972691
9952035
9935127
9935051
9932732
9930633
9928069
9928055
9923893
9923889
9922560
9920206
9920201
9918595
9918569
9918551
9917888
9890406
9886987
9884167
9884166
9879730
9878785
9871544
9870938
9864294
9864289
9864259
9863971
9862779
9862407
9862398
9861326
9860113
9860109
9856954
9852601
9846635
9845000
9843861
9839151
9839150
9839147
9836606
9835275
9833574
9832980
9832959
9832943
9832925
9831304
9830862
9825182
9825091
9822884
9819798
9815027
9809857
9809509
9807977
9806215
9806104
9804884
9802524
9801385
9800146
9800145
9800143
9799662
9799403
9797933
9797033
9796603
9795212
9792328
9789878
9789158
9783840
9778663
9771587
9770647
9768542
9768541
9768539
9767654
9767386
9766834
9765353
9765348
9765343
9756153
9756033
9756031
9754924
9749928
9748566
9748086
9747902
9744938
9744773
9744578
9744564
9739155
9738534
9737222
9736929
9733960
9733946
9732026
9729364
9729280
9726837
9726640
9726624
9726277
9724290
9722357
9712411
9712193
9709489
9707654
9705580
9702615
9700968
9698777
9696425
9695440
9692272
9690858
9687342
9688682
9688462
9687292
9687089
9685249
9682822
9680247
9678655
9678650
9673794
9673788
9672434
9669488
9667975
9666270
9666256
9666142
9655893
9655854
9655842
9655606
9651172
9641956
9641463
9639282
9639257
9638625
9634251
9634250
9634168
9599247
9632234
9632224
9632223
9632217
9632216
9631958
9630615
9630517
9593954
9593835
9630003
9629267
9624727
9623517
9622237
9618009
9617985
9617748
9592116
9570823
9570799
9526037
9612997
9610980
9610949
9610930
9607704
9515017
9602057
9593107
9593593
9590665
9590512
9589685
9587897
9585164
9583773
9536022
9581652
9581641
9580643
9580627
9580603
9580592
9577049
9547370
9570716
9570458
9570343
9570199
9564207
9560874
9547096
9463438
9539380
9526141
9527644
9522002
9519245
9512078
9512064
9501763
9500694
9498728
9494755
9493566
9491065
9488100
9477000
9476973
9476956
9476694
9475623
9475374
9474037
9473650
9473572
9472963
9468674
9458715
9431714
9400003
9399992
9399970
9453556
9453554
9415511
9450624
9449900
9447547
9446217
9394029
9443794
9443556
9439841
9439792
9372533
9438745
9438517
9437746
9437624
9437228
9435189
9430443
9430418
9428830
9426837
9408216
9413265
9401674
9400350
9394782
9394942
9394115
9392785
9391680
9389815
9389350
9386923
9374341
9374199
9373881
9373422
9369307
9368834
9366009
9363289
9359985
9357876
9357871
9353416
9353405
9329153
9379982
9379981
9379438
9327650
9327093
9343457
9378852
9322521
9321873
9316853
9316834
9316833
9314128
9313020
9310588
9301669
9301573
9300435
9378255
9284350
9282948
9272656
9264103
9264083
9264074
9264063
9365010
9298332
9298329
9311660
9300254
9310411
9286627
9437766
9379837
9376777
9331477
9308800
9295196
9295191
9288436
9283509
9281450
9267659
9267542
9262337
9262317
9259006
9259005
9251903
9257684
9274924
9274922
9250473
26735785
9309533
9256993
9256987
9248940
9243420
9231866
9226337
9223573
9223538
9222260
9222259
9207365
9185555
9185790
9219867
9203564
9292116
9279405
9279404
9208156
9203233
9194926
9194925
9194924
9194917
9190871
9129113
9200746
9171881
9200497
9178661
9178652
9179521
9346759
9346757
9201801
9183513
9175973
9168225
9164597
9164585
9164554
9160821
9152397
9152396
9152388
9137139
9179515
9179505
9128848
9128834
9125432
27520754
9373773
9142997
9142869
9140007
9139997
9129564
9105683
9105212
9103917
9103497
9103479
9085963
9084416
9084406
9078589
9178351
9113103
9100935
9100933
9067000
9117944
9113217
9098801
9084601
9077569
9068975
9054806
9054801
9048750
9138735
9057861
9050939
9089686
9067458
9058409
9106744
9038367
9010155
9574828
9269372
9144662
9140828
9090311
9088539
9062678
9050081
9029056
9028481
9003056
9111732
9037404
9018394
9030905
15704353
9523008
9413582
9396060
9393936
9353165
9328811
9328809
9324068
9323442
9285925
9252252
9218232
9217295
9217271
9213363
9194685
9180346
9149302
9128924
9122358
9114457
9097868
9064478
9055839
9048971
9048965
9048269
9046978
9042392
9040159
9040115
9038970
9024170
9003244
9000774
8998112
8996532
8996182
8989838
8989528
8989029
8981612
8978745
9016909
9007506
8993452
9017246
8943250
9023069
8950882
9018507
9014630
8985972
8939309
8931460
9001736
9001699
8951719
8960876
8960874
8955943
11224446
9064496
8979434
8949946
8947935
8947926
8947924
8947918
8947306
8947271
8947268
8947259
8938664
8938656
8933423
8930154
8914123
8913353
8911587
8888582
8957215
8930374
8930364
8815937
8930342
8930337
8849681
8905323
11224439
8987434
8981257
8916634
8915966
8910807
8909339
8905252
8904989
8904720
8904639
8894177
8889912
8885579
8884782
8873515
8862129
8858991
8855333
8899738
8891592
8891291
8891275
9746454
9046073
8895244
8887719
8877019
8875651
8873259
8853370
8819538
8819520
8819494
8819489
8794899
8702924
8883853
8874872
8914859
8880858
8880835
8880221
8877704
8876019
8853184
8840904
8806713
8803356
8768756
8768720
8754765
8836576
8837214
9812711
9112681
8884380
8827343
8819305
8804642
8765330
8760232
8712718
8698228
8831097
8780837
8650158
8816252
15335615
8826544
8819143
8809497
8800392
8743590
8726544
8698954
8667185
8666558
8649341
8638797
8813578
11224413
8793309
8783384
8737968
8730720
8728556
8727259
8727243
8722635
8693836
8633543
8627579
8627559
8627542
8790989
8773788
8627605
8773469
8773449
8738262
8741185
8741168
8741160
9132506
8964897
8841087
8801607
8801599
8778878
8731059
8722260
8612393
8609891
8620464
8846821
8846818
10048886
9845042
9845037
8937625
8866962
8783328
8769865
8737005
8737000
8677016
8648182
8611059
8611058
8600226
8851160
8598706
8935170
8852390
8851629
8822536
8821539
8808161
8808151
8779961
8778169
8720635
8720622
8632330
8632320
8632318
8632309
8632308
8561215
8720473
8720471
19698474
9028057
9013390
9013388
8908412
8896712
8896116
8867260
8848471
8846056
8845013
8844764
8837935
8837932
8837931
8837930
8837929
8837927
8833225
8801527
8773929
8769781
8761010
8637403
8558458
8750728
8991797
8786838
11224386
11224385
8964649
8868206
8868205
8748967
8748437
8657836
8657830
8587914
8587906
8531129
8530590
8624711
7475809
7479836
8581505
8581488
8581470
8566146
11224369
8848528
8750897
8747034
8679021
8664207
8589193
8582907
8563982
7589640
7588256
7503254
7565300
8570776
8570775
8774952
8574503
8559793
8544993
7562596
7476895
7472436
8592635
8549626
8549624
8590066
8884884
8675970
8675969
8582789
8565795
8565793
8537889
8530646
8527812
8520812
7654128
7562504
7562500
7557255
7557249
7501658
7477965
7496798
7501275
7498274
7637475
8847158
8570918
8539329
8539325
8539322
8529534
7636735
7636731
7588425
7568440
7568427
7543570
7494457
7477762
7629089
7603392
7478234
7632166
7583248
7488736
8592362
7616430
7616395
7615787
7608262
7582612
7581169
7566508
7564358
7548949
7546331
7480550
7498254
7556397
7552334
7752401
11224347
7791117
7791074
7675970
7667382
7667374
7667357
7651622
7605635
7541509
7552272
7556409
7664811
7751946
7746270
7745028
7729641
7714013
7657850
7643909
7627682
7624831
7616334
7591518
7590906
7739013
7620885
7493620
7493617
7493616
7634105
7731019
7635178
7542145
7796321
7733405
7716485
7714789
7714765
7694913
7619324
7568632
7781680
7759336
7890042
7605911
7900916
7891351
7891343
7891340
7891326
7890130
7883843
7791961
7775160
7775156
7706440
7700253
7617680
7535378
7774657
7844861
7749752
7780584
7777181
7774673
7862634
7746508
7853350
7853332
11361353
7896657
7896655
7853168
7853159
7852517
7773532
7760148
7751426
7740068
7740050
7735342
7734067
7725239
7537820
7536308
7715840
7737308
7713149
22298405
19698337
8853703
8851638
8848519
8748073
8742772
8742771
8669218
8612059
8555746
8536780
7899479
7885192
7815347
7752296
7732604
7713356
7708177
7697383
7673105
7673104
7673103
7673102
7668157
7668141
7632745
7614260
7603296
7583704
7583338
7564899
7564893
7563422
7535484
7530918
7479344
7475964
7475926
7475895
7697368
7696612
7535119
7966919
7698213
7698193
7996538
7982926
7996463
7996417
7894264
7893404
7886089
7836903
7829663
7714138
7705968
7701033
7895030
7898778
7898771
7850467
7978487
7965822
7965818
7965787
7926497
7892413
7865139
7862713
7824591
7851478
7700561
8092339
7931552
7931548
7852157
7847604
7847600
7843855
7824545
7806698
7806598
7699567
7821355
7821354
7820634
7820618
8002285
7983232
7948733
7932212
7932161
7932149
7865894
7865893
7861658
7829285
7816875
7816874
7813576
7604756
7816344
7816343
8058754
7805771
8034071
7991069
7988653
7988361
7915312
7913954
7845553
7526302
7982463
7970193
8090284
8084898
8035339
8035333
8035318
7969822
7969211
7946257
7938126
7938116
7871070
8080893
7922530
7922523
8021929
8021928
11224275
8203421
8090073
8056738
8014851
7981474
7981473
7943650
7941781
7941780
7934309
7927646
7927279
7912273
7862883
8182708
8082700
8082697
16353425
8182537
8182525
8029296
8029291
8017649
8005911
7936103
7914889
7521022
7514185
8032878
8032870
7913047
7518322
11224267
8202214
8193252
8161296
8154874
8135389
8082873
8055740
8042002
8040164
8037885
8034384
8029266
8026550
8012749
8005254
7855202
8004460
8004769
8205479
8206107
8180837
7906352
8126697
8200424
8208774
8208759
8171046
8138952
8109774
8026736
8019773
8003769
7911578
7910769
7909142
7838911
7514974
7489325
8180809
8180802
8013552
8156397
7908850
8157053
11224247
9234287
8311323
8294934
8284832
8201610
8192843
8173139
8114013
8113996
8113981
8113979
8033761
8025568
7911987
7513375
8173956
8149991
8131071
8149982
8137875
8015716
8974381
8528888
8309345
8301596
8301589
8300189
8289586
8275346
8267120
8201839
8196487
8190017
8190015
8177010
8159267
8151077
8120180
8115422
8112489
8112488
8085012
8082032
8057400
8055251
8046996
8035657
8032166
8032147
8028443
8026700
8024608
8018739
7968211
7960495
7953760
7953755
7950982
7934637
7928111
7912425
7910928
7862859
7831456
7815100
7700837
7511201
7908601
8131061
8118700
8309961
8309960
8309954
8309806
8263790
8202334
8136623
8122294
8120161
7908722
7903391
7902680
7902584
7904531
8246236
8287898
8287897
8282012
8294223
8287195
8282676
8280345
8278442
8276957
8276953
8275060
8257409
8246164
8246162
8246161
8228992
8228982
8228955
8224200
8214728
8132037
8112506
7902011
8292252
8276060
7902813
8252387
7902768
19630675
11224218
8300813
8295712
8280394
8280388
8265703
8232225
8229781
8229762
8229759
8229750
8229746
8221115
8221101
7903457
7902369
7901396
7901389
7504777
8253111
8223936
7902288
8234900
7693299
10607087
8396634
8396630
8395559
8375616
8371146
8371142
8352362
8266345
8255904
8247256
8117237
8105790
8103800
7904217
7690399
7694857
8223952
8397052
8374794
8374774
8405123
8397050
8360887
8223892
8223888
8413857
8408737
8396355
8394999
8394926
8394918
8368401
8336863
8226493
8220323
7689107
19630639
8413082
8395294
8392730
8392556
8340312
8258763
8234022
8210609
8100519
7690585
8236504
7686748
8103315
8394180
8102969
8099201
8394563
8389861
8389860
8389859
8101007
8101006
7685383
8392427
8392894
8392893
8391460
8391456
8518951
8496905
8395669
8391455
8516354
8499351
8480840
8413824
8393497
8392719
8390240
8388455
8388303
8388301
8388299
8387662
7684446
8392157
8389648
8496271
8491826
8481792
8481789
8511404
8498150
8492076
8474033
8458488
8388406
8386237
8386234
8384252
8097387
8386091
8474630
8474146
8473447
8456048
8451312
8451267
8394176
8387056
8385747
8383858
8383850
8383804
8383738
8384509
8096421
8384567
7681005
8472282
8452203
8446667
8446660
8437123
8437122
8432363
8427429
8422093
8388852
8388215
8383499
8382386
8382281
8382278
8098678
7679737
8383568
8383062
8381698
8381696
8428834
8380771
7682680
8380614
8381004
8381356
8469378
8423357
16818314
8464327
8447965
8445984
8442782
8441758
8421432
8417577
8417165
8417149
8416050
8411221
8397420
8396188
8394964
8390350
8389996
8388977
8387138
8384517
8383271
8383266
8382809
8382637
8382329
8381547
8380866
8380178
8361330
8355569
8310788
8290669
8246672
8237607
8237606
8178651
8172458
8172457
8163362
8103909
8098501
7901877
7870983
7870976
7870973
7870955
7870937
7870900
7870894
7862822
7855177
7686388
7684340
1337857
1283972
1333541
1362519
10146246
1491416
1487543
1475289
1471698
1467831
1361992
1335576
1335271
1335050
1334238
1332851
1291596
1283803
1335078
1334774
1478264
1478260
1333013
1359112
1335419
1487626
1444726
1431829
1345133
1337380
1336751
1336747
1335557
1334456
1334271
1333085
1330549
1326980
1305637
1281527
1331455
1335562
1334765
1330622
1327126
1336547
1330187
1328610
1328606
1327717
1332799
1445971
1327413
1409913
1403211
1356155
1328845
1327422
1326632
1326622
1326621
1326619
1322969
1279654
1425962
1513848
1513847
1499694
1396104
1356252
1353613
1327387
1325057
1323656
1322988
1327826
1385166
1497864
1447490
1331999
1329116
1632606
1354563
1320121
1354010
1327813
1323369
19912859
1629388
1592876
1527096
1345670
1327383
1324030
1321982
1321710
1320440
1327401
1317919
1326441
1319015
1380394
1324087
1327807
1621484
1604425
1596095
1560222
1528943
1528400
1350068
1349645
1332097
1323508
1319586
1315863
1516648
1511272
1325358
1325355
1605487
1605469
21554602
11224111
1560374
1560372
1555686
1348537
1328733
1317498
1317189
1317186
1314443
1314442
1355735
1499660
1499659
1354161
1347943
1318215
1601640
1584835
1580165
1571604
1571600
1326932
1323802
1321363
1315182
1315179
1312793
1312164
1311082
1314320
1313589
1313587
1310737
1618268
1319338
1318206
1357708
1318204
1318203
1317026
1740170
1731036
1573974
1568861
1564630
1552818
1548976
1539079
1535707
1517538
1498948
1435974
1435090
1414352
1410149
1406906
1371122
1365632
1365629
1355851
1352026
1350276
1349191
1347952
1346939
1345943
1342621
1342617
1342010
1341721
1318671
1315940
1315896
1313136
1313133
1311454
1310130
1309877
1309876
1296222
1295310
1295034
1667901
1786649
1665794
1816567
1762065
1687763
1662276
1661103
1660533
1685349
1685449
1809731
1761473
1749459
1746587
1723601
1687708
1666682
1658309
1658308
1663414
1666046
1665789
1926426
1926416
1920119
1919542
1916993
1687169
1667731
1661859
1656025
1654389
1836972
1664272
1955812
1797032
1780350
1780340
1780271
1720510
1686930
1685523
1657224
1660758
1686589
1664330
1952921
1912753
1869918
1865357
1769708
1665188
1650833
1650830
1649751
1657291
1939481
2053647
2053636
1858956
1686100
1681781
1677542
1657267
1649297
1648619
1646826
1653084
1946579
1933405
1916633
1883251
1864831
1862786
1677015
1658817
1656303
1654574
1654568
1653188
1652797
1652662
1648136
1646325
1646319
1646295
1893253
1893252
1893251
1832578
1655470
1678297
1653080
1832640
2069733
2022315
1943057
1851846
1851837
1851833
1831247
1649665
1860042
1677606
1650277
2029727
2008865
1901524
1850479
1849995
1765889
1678526
1678525
1651519
1649420
1645609
1649664
1850249
1848695
2067974
2029712
2007323
1874537
1848633
1847702
1676337
1675463
1672378
1648745
1647294
1646967
1646135
1645433
1364844
2045062
2014156
1899421
1851015
1847202
1651391
1675608
1846441
1849435
21551645
19630682
11941092
2057542
2046475
2017444
2012619
2006244
2002750
2002747
1958548
1924644
1922284
1908558
1876660
1876146
1876108
1875998
1875996
1875787
1851915
1850136
1848341
1846414
1846076
1824589
1803028
1788334
1787550
1771218
1758728
1756018
1749829
1745703
1745104
1726910
1721687
1686854
1672725
1671100
1669442
1663252
1659132
1659130
1658509
1652143
1652048
1648248
1647539
1646998
1646379
1645834
1964843
1964913
1963340
2279977
2175793
2175293
2172466
2122343
1980130
1965514
1964536
1964442
1963567
1963562
1979499
2085738
2243351
2243336
2243332
2230942
2173760
2173759
2173747
2136215
2087483
2082368
1981690
1965042
1964530
1964043
1963685
2272363
2178026
2399258
2277720
2271928
2252636
2244979
2230659
2221131
2205128
2176431
2174749
1963149
2253041
2395121
2219678
2212165
2174676
2167979
2165951
2087144
1963479
1701330
2384889
2171723
2170723
2169936
2169762
2166788
1974920
1974646
2172870
1976029
2377653
2361487
2360733
2356889
2207296
2197814
2169364
2167107
2164093
2115910
1981664
1972943
1965769
1963196
1698098
2169423
2166675
2359029
2197054
2189867
2162954
2162953
2162542
2162182
2160538
2160532
1973627
2164174
2340348
2338644
2186640
2166728
2166280
2164191
2162494
2161588
1976787
1973268
2163849
2371923
2338367
2335769
2329076
2162022
2161243
2161111
2160624
2158355
2140609
1971712
1971432
2334852
2331579
2325830
2319301
2274471
2178593
2162533
2158483
2156986
2155673
1694028
2155039
2323312
2313590
2178480
2156522
2156055
2154672
2153826
2137699
2137676
2107826
2105673
1981928
2337771
2154295
1967391
2154288
2157601
2405152
2320705
2315439
2315372
2314151
2310500
2308280
2304946
2291844
2287493
2287486
2279687
2277810
2266785
2251341
2243594
2198785
2196628
2196621
2177196
2172827
2172675
2170791
2169561
2167492
2166242
2156273
2154822
2154821
2154820
2154819
2154818
2154815
2154813
2154806
2154800
2154786
2154783
2154234
2153984
2153801
2153388
2149618
2137320
2120527
2109328
2097668
2095291
2081263
1968257
1967925
1965750
1700486
1697078
1693044
2598056
2598052
2685041
2592592
2589564
2576452
2574738
2559974
2559353
2558674
2556507
2555877
2555871
2555131
2482981
2559854
2810122
2681168
2624852
2622523
2618077
2594167
2576140
2576139
2575491
2560207
2556199
2553926
2553917
2513390
2558895
2557223
2795130
2675644
2622990
2571723
2571722
2553059
2478047
2551454
2571391
2674931
2611410
2577060
2570868
2558367
2550623
2550622
2550615
2527243
2516631
2482096
2475628
2782866
2756529
2671240
2616603
2557144
2554190
2548533
2482511
2676563
2752295
2749256
2769591
2757588
2745760
2587614
2587611
2571107
2561526
2557287
2549557
2549147
2477388
2813479
2813473
2765984
2755454
2737720
2732944
2552732
2548531
2544207
2542355
2477090
2743133
2743108
2543480
2780781
2780774
2754360
2745952
2715440
2675124
2655671
2571138
2566949
2548676
2547002
2546089
2498635
2473408
2541864
2752072
2730746
2702921
2656781
2629740
2568475
2546087
2540324
2539839
2538562
2467589
2744078
2925898
2925573
2716954
2662222
2645889
2547203
2544906
2544904
2541848
2540341
2539457
2539453
2519841
2540873
2923679
2923666
2918471
2755921
2727018
2568435
2539919
2569405
2540993
2495149
2565240
2927249
2913408
2912237
2909555
2796595
2780578
2779356
2776584
2747414
2746710
2734323
2728958
2721334
2717513
2714161
2701318
2696899
2641056
2641028
2640973
2636709
2601582
2588819
2571452
2571278
2570759
2569217
2568626
2566435
2561836
2561827
2561826
2559274
2558265
2556617
2555188
2552241
2550943
2543996
2542985
2541460
2538689
2537485
2536002
2535799
2534967
2522577
2509710
2502793
2502792
2498922
2489237
2475733
2471910
3147046
2850091
3245848
3224281
3204249
3202224
2974485
2907750
2852984
2851638
2849679
2849042
2848424
2846401
2462628
3241666
3252685
3219609
3215726
3202818
3150786
3076856
2853675
2853405
2849725
2846819
2850212
2853070
3179728
3072212
3192459
3178891
3067620
2853839
2845604
2844617
2844315
2459370
2853057
3416994
3252262
3250670
3247326
3211162
3140862
3043289
2976106
2901483
2855268
2851350
2847072
2846315
3216959
3067243
2847074
3395362
2850923
3211978
3211965
3165970
3069983
3048954
2839666
2839664
2839637
2838632
2840610
3401731
3401730
3251596
3410777
3372681
3369583
3266082
3174777
2971143
2837233
3402532
3410891
3409950
3382815
3379357
3379356
3367315
3174740
3129443
2966856
2902643
2899333
2841709
2835473
3370463
3371560
3285899
3163711
3137181
2901674
2901113
2900318
2898269
2840175
2834543
2832604
2895254
3359284
3375139
3370455
3362942
3350581
3252031
2899160
2894229
2855240
2855239
2836824
2836152
2833991
3346838
3346837
3346833
3340078
3276498
3247293
2895431
2831341
2832195
2830943
16867358
3420162
3387517
3374808
3362035
3353441
3350993
3339293
3336001
3335997
3211915
3211905
3210007
3188932
3149772
3147479
3147475
3147381
3144404
3127853
3121260
2970012
2969457
2961881
2855850
2855098
2852377
2851847
2850500
2846978
2845219
2845215
2832857
2463689
2454493
2826950
2831070
3453207
3426795
2831695
2827704
2825200
3683083
2961585
3427441
2889994
2890074
3690365
3678057
3671362
3429408
3123447
2960478
2831515
2829049
2824980
2824758
2824755
2824750
2445517
3676787
2826178
3685050
3682088
3680614
3675853
3481242
2825222
2825220
2825063
2822908
3666034
2825913
3041143
2823970
3678618
3659111
2893357
2823789
2823167
2823089
2822829
2822641
3676713
3653249
2822439
3613837
3039272
2441221
3600195
3600193
3659093
3508536
3302207
3039139
3620963
3040177
3298911
3036838
3620774
3612524
3605414
3454671
3040654
3039035
2821555
2821554
3620936
3601009
3593812
3592007
3571432
3038836
3038139
3035177
3607463
3038579
3656096
3615545
3580701
3308215
3033246
3033213
3580888
2882401
3594229
3572784
3565571
3559033
3034303
2882399
3821370
2881149
3680580
3575366
3575365
3559988
3553834
3548443
3504387
3031383
2953335
2883290
2435888
2949129
3030494
3826875
3818993
3539980
3297022
3027318
3027317
3026683
3815116
3794708
3790639
3687898
3687888
3687878
3671810
3671520
3628520
3628295
3628278
3575497
3563109
3562485
3559457
3542577
3454343
3446373
3435737
3329169
3125440
3124142
3114797
3107034
3104950
3040023
3033716
3030873
3025501
2956960
2893982
2831700
2831165
2830531
2830524
2830520
2829584
2820832
2820433
2819908
3031743
3025539
3801750
3030209
3028550
3773644
3022745
3801871
3022093
3814350
3794740
3767162
3562324
3538063
3533370
3492352
3021954
2944913
2434113
3762313
3020332
2876373
3780414
3768031
3640642
3024662
3020246
3020245
3020228
2944564
3021476
3785509
3785506
3774822
3760220
3759744
3267398
3026544
3022308
3018757
3018242
3018231
3018230
2875765
3089534
3639451
3763665
3741602
3489902
3017514
3017495
3016502
3016272
3016244
2942391
3015356
2941636
3762878
3749218
3742156
3734697
3734696
3732628
3728712
3723392
3720659
3717421
3019487
2879914
3722068
3517031
3459065
3011487
3011217
3009717
2938937
3733981
3713432
2871452
3011007
3719314
3708367
3011211
3711987
3701789
3700983
3698906
3518492
3009817
3009783
3009150
2938932
2938524
3708354
3720824
2870306
3958962
3520602
3517082
2870933
3951334
3950867
3947710
3701917
3521663
2936929
3697686
24271359
3947698
3946804
3006087
2940040
3005000
2934599
3950006
3943269
3941402
3941353
3826024
3823200
3823199
3808218
3728193
3557806
3541052
3529831
3524388
3524387
3123965
3092100
3092099
3092093
3092091
3090442
3088658
3088644
3025902
3020674
3020413
3014973
3014971
3012488
3010087
3009251
3007830
2950531
2947253
2946562
2944026
2939305
2893264
2875491
2871535
2869440
2868465
2867688
2829013
2828993
2828990
4094718
3004996
3000523
2999106
3003626
4075082
4095190
4095181
4084815
3842024
3834073
3000501
2999408
2419770
2416909
