28846769
28700791
28445097
28363055
28334661
28315644
28130990
28080912
28070862
28068780
28034985
28026920
27987236
27930926
27927048
27875802
27691936
27690505
27628064
27627782
27497768
27477337
27436632
27312405
27213949
27211522
27121539
27109624
27028913
26972745
26954408
26905901
26869247
26809351
26804639
26796966
26795938
26749217
26741052
26674372
26654213
26650429
26639678
26560326
26511777
26460570
26417092
26369654
26345338
26339899
26313157
26280708
26246443
26222044
26187456
26164674
26135853
26098729
26011742
26009787
25993547
25973526
25933795
25931433
25928699
25919978
25909320
25907815
25901451
25881117
25879513
25832297
25819700
25813216
25810023
25801501
25760804
25742208
25724154
25715171
25703440
25679122
25675975
25669614
25655226
25637376
25623409
25622123
25602580
25581657
25567476
25555621
25554995
25542074
25531960
25524751
25519680
25518754
25481453
25459893
25456560
25445079
25421518
25421512
25391549
25346506
25335648
25330017
25310199
25269022
25251201
25240704
25227627
25182664
25134047
25121404
25117849
25105812
25102328
25098969
25070809
25069012
25046272
25037206
24949564
24871705
24846619
24815199
24812024
24766756
24763910
24733235
24724887
24706503
24674234
24671340
24650828
24602363
24571193
24560438
24557083
24514570
24472398
24464531
24424425
24421289
24384538
24346745
24344859
24218048
24153411
24145220
24144653
24113927
24107112
24089691
24078107
24052453
24051063
24020866
23936895
23925619
23890764
23873853
23827259
23813295
23805859
23800222
23766091
23761054
23750742
23745947
23736314
23714324
23713743
23709323
23701526
23683793
23673291
23668624
23650968
23644347
23624641
23605506
23591123
23577900
23572466
23571420
23566774
23562264
23497761
23490304
23489253
23408728
23364815
23359310
23347236
23312429
23279646
23272347
23265686
23264316
23241479
23237314
23231573
23231446
23226534
23205722
23188075
23186301
23177384
23159524
23157895
23135529
23036218
23032071
22985676
22967782
22950315
22945623
22943926
22926596
22898437
22784013
22764364
22717418
22623016
22612306
22575355
22551231
22551036
22541040
22534819
22525000
22429255
22361211
22357166
22335183
22333328
22324565
22243563
22233189
22221277
22208805
27933600
22204068
22189052
22162639
22128878
22123184
22089316
22079773
22045373
22002175
21998076
21988815
21967071
21960180
21925828
21904098
21902287
21900886
21878578
21818506
21810165
21804585
21787433
21782353
21742445
21715107
21679264
21657861
21593282
21575016
21569055
21529928
21513688
21502953
21481651
21471758
21454917
21443301
21443293
21429809
21410481
21380937
21320227
21266377
21261434
21211500
21209242
21192125
21150845
21146937
21143249
21138720
21137665
21098692
21084042
21075578
21075272
21046932
21040373
20975274
20952764
20949341
20946740
20884959
20864883
20839388
20728384
20716305
20707781
20695007
20675975
20673995
20655182
20637968
20597217
20597214
20561758
20559296
20542391
20537615
20534644
20528823
20490465
20441245
20424458
20386884
20356587
20231324
20190923
20153142
20150521
20138067
20137766
20073409
20053817
20039197
19944650
19930235
19926400
19888784
19874153
19846734
19837518
19805701
19783106
19717248
19715381
19713070
19682793
19673746
19650155
19639303
19595518
19593174
19523047
19485973
19478295
19453963
19453814
19444734
19365548
19346279
19340640
19302083
19283561
19278178
19269773
19261235
19261230
19219669
19217077
19200607
19189996
19170666
19167814
19165115
19053979
19032573
18997675
18955144
18925346
18855810
18838638
18828797
18799426
18796184
18795264
18779548
18765480
18715283
18688808
18644685
18635711
18616687
18612879
18586174
18581096
18562104
18552399
18551889
18540910
18515460
18509120
18482418
18482157
18482155
18440447
18436318
18434189
18391135
18384246
18353618
18348601
18329827
18250251
18241321
18081355
18080059
18079068
18070245
18062845
18058408
18053632
18031920
18027539
17965444
17957221
17909753
17873686
17873678
17850768
17768272
17696684
17664051
17651881
17611081
17574300
17563214
17539894
17526634
17517820
17514344
17487577
17484067
17469937
17451401
17428615
17414239
17410417
17397097
17392726
17379484
17374042
17374038
17374034
17320241
17319558
17319134
17315407
17295587
17286343
17286342
17270058
17270055
17265078
17244518
17229510
17224736
17205392
17192502
17187435
17182194
17174102
17165363
17157780
17146025
17136399
17136216
17127538
17084785
17080248
17047667
17012527
17008194
17008146
16972105
16968347
16963172
16960700
16901484
16899031
16887890
16884321
16861093
16861092
16847538
16756424
16740093
16670409
16647240
16634855
16614539
16574034
16573580
16567607
16546596
16534857
16499489
16496034
16483549
16467406
16461865
16449486
16449099
16395307
16393735
16372825
16282845
16262589
16251241
16239359
16216149
16203961
16195116
16187808
16156112
16118380
16109592
16046046
16024184
16012278
16001107
15992564
15979652
15956985
15956269
15943961
15939519
15936866
15876908
15866552
15850502
15831777
15811981
15804355
15797885
15787858
15785069
15784523
15777102
15732235
15703368
15682300
15610829
15569037
15547458
15538132
15525790
15370932
15370010
15369544
15365307
15365306
15318122
15304381
15301655
15291688
15288384
15252291
15236831
15232337
15232334
15225891
15203441
15203440
15182893
15178915
15130554
15098800
15093968
15066462
15065964
15039504
15029983
14988322
14750508
14724039
14722705
14690879
14660132
14634716
14627063
14621035
14563545
14561107
14506404
14504025
12966323
12957222
12925043
12920386
12885685
12878920
12878918
12878917
12831383
12826991
12826990
12813472
12810146
12795568
12745496
12703669
12681528
12655322
12608492
12511176
12500129
12495798
12491025
12454559
12445410
12427583
12422250
12410780
12404685
12377396
12366698
12351933
12202015
12195238
12188097
12167548
12133120
12080288
12064984
12009347
12006220
12000210
11914975
11887546
11866252
11862370
11823887
11784454
11763022
11759562
11752106
11742047
11707638
11698998
11694173
11584154
11579624
11566144
11557167
11534537
11483141
11524308
11516922
11508781
11439748
11414874
11410720
11395188
11386491
11377409
11334233
11316375
11292002
11199951
11195999
11188492
10755174
10754620
11093966
11085330
11049837
11045863
11045862
11003204
10989399
10907964
10899371
10891632
10835438
10832917
10821987
10816681
10812288
10812286
10812285
10809517
10809268
10801249
10780808
10772604
10757131
10743904
10743458
10742642
10731624
10731623
10716102
10703675
10684784
10681104
10647800
20681133
10615738
10615349
10598605
10553740
10529020
10520978
10512314
10495371
10485962
10472515
10470982
10463317
10459118
10453799
10451668
10435606
10435264
10422898
10381993
10382138
10376126
10367550
10352398
10234561
10233044
10230191
10217552
10201671
10195825
10102765
10097028
10078159
10071829
10071178
10069545
10029211
10028207
10023615
9987807
9935127
9930633
9922560
9862779
9861326
9860109
9843861
9831304
9807977
9800145
9797933
9796603
9768541
9726277
9707654
9692272
9687342
9617985
9589685
9577049
9564207
9500694
9498728
9476694
9415511
9437624
9400350
9394942
9391680
9389815
9374341
9373422
9368834
9363289
9357876
9327093
9322521
9314128
9313020
9298332
9308800
9283509
9309533
9256993
9248940
9226337
9160821
9179515
9129564
9067000
9054806
9218232
9122358
9097868
9048269
8950882
8930154
8916634
8877019
8880835
8840904
8780837
8800392
8726544
8698954
8666558
9132506
8722260
8612393
8737000
8611059
8611058
8600226
8720635
8561215
9028057
8868206
8868205
8747034
7589640
8570776
8570775
8675970
8675969
8565795
8520812
7654128
8539322
8529534
7608262
7745028
7657850
7616334
7694913
7883843
7896655
7852517
7735342
8669218
8536780
7752296
7673104
7583704
7701033
8092339
7847604
7847600
8034071
7969211
7946257
8080893
8203421
8056738
16353425
8154874
8135389
8005254
8109774
8284832
8201610
8033761
8267120
7831456
8202334
8294223
8282676
8257409
8214728
7902369
8105790
8236504
8390240
8387662
8498150
8427429
7679737
8290669
1471698
1487626
1444726
1345133
1334271
1445971
1497864
1345670
1320440
1621484
1568861
1498948
1406906
1746587
1780340
1912753
1858956
1681781
1883251
1862786
1677015
2008865
2007323
1749829
2279977
2122343
1979499
2205128
2167107
2189867
2166728
2158355
2140609
2323312
2105673
2314151
2196621
2095291
1700486
2675644
2745760
2655671
2656781
2645889
2734323
2721334
2701318
2543996
3147046
3204249
3076856
3140862
3043289
3372681
3285899
3374808
3147381
2463689
2889994
2960478
3593812
3680580
3548443
3539980
3790639
3533370
2944913
3759744
3728712
2870306
3517082
3947710
3946804
3943269
3541052
3529831
3092099
