28846769
28700791
28682892
28655025
28514299
28468518
28445495
28363320
28341722
28315645
28315644
28118835
28107680
28070862
28068780
28059434
28002704
27927048
27898496
27537841
27555206
27510521
27434441
27311495
27267785
27227503
27161860
27121539
27046310
27027833
27012435
27003021
26931763
26919594
26918662
26869247
26865472
26831174
26814246
26804639
26763491
26749217
26747613
26690291
26684923
26672127
26650971
26639678
26638126
26634956
26613636
26599131
26581470
26479717
26479277
26468683
26467541
26459906
26454835
26412801
26409751
26400835
26383752
26372412
26302337
26265737
26179573
26176490
26045456
25989154
25974277
25950595
25923291
25919527
25910516
25907815
25901451
25839406
25838001
25831576
25823919
25823907
25819700
25818060
25814381
25783757
25772950
25703440
25683352
25666027
25660046
25646891
25623082
25622776
25603822
25599968
25572305
25564105
25562462
25559124
25555887
25526229
25524751
25518754
25512031
25510307
25503600
25490610
25481453
25479914
25456093
25454409
25427944
25407020
25393311
25385094
25357093
25330017
25321188
25305141
25282598
25262056
25191915
25189089
25183042
25163749
25090173
25090043
25065489
25062111
25061700
25060839
25041686
25015174
24999060
24984130
24962326
24862514
24845165
24831754
24820999
24819710
24806873
24793093
24751432
24735059
24733007
24656054
24602363
24521036
24462581
24359719
24304349
24290979
24256157
24238714
24236993
24227768
24219166
24189173
24174501
24153411
24128379
24112096
24099551
24074852
24051063
24045030
23961726
23952897
23786504
23919595
23916321
23912473
23910721
23891461
23855333
23849409
23839029
23837730
23811060
23795874
23760961
23742694
23739025
23736517
23734858
23709302
23663749
23617873
23612435
23611363
23605225
23582417
23566446
23562407
23528523
23523131
23521205
23480249
23475406
23434263
23433750
23421567
23374027
23370795
23364815
23333292
23327175
23320402
23317685
23294888
23288871
23279924
23279623
23260506
23246635
23226534
23222095
23200931
23161599
23161001
23159524
23106931
23106930
23106929
23106928
23106927
23106926
23106925
23106924
23106922
23097561
23087138
23082538
23060530
23034996
23026548
23021099
22999817
22998333
22989279
22978772
22938914
22921476
22876835
22864399
22845044
22835751
22788217
22776195
22747731
22741944
22731776
22706617
22703715
22680789
22651957
22644357
22626890
22614936
22564847
22540432
22526067
22505603
22486806
22475985
22469638
22452493
22424799
22409388
22403414
22396085
22385931
22378051
22369095
22354163
22348921
22323375
22301084
22261004
22173570
22156892
22137413
22115823
22105061
22100576
22088886
22087721
22065255
22030474
22024000
22001981
21988814
21945130
21936751
21924552
21885310
21860340
21854644
21854290
21854273
21852093
21849979
21845796
21838973
21838850
21823171
21807566
21782352
21765198
21749526
21743375
21742445
21741031
21731186
21696438
21645198
21562445
21538146
21529238
21501371
21477658
21461193
21438938
21438849
21434580
21395892
21392040
21353749
21317592
21317590
21317598
21328090
21281215
21277704
21270789
21214706
21182491
21175445
21163592
21155682
21145700
21142534
21138531
21118011
21042200
20980992
20960411
20940383
20925688
20881947
20868741
20670047
20817384
20728384
20728299
20712608
20685494
20678551
20642248
20626379
20598836
20577717
20577660
20541900
20537815
20513828
20421512
20403021
20393347
20390696
20305886
20230561
20216119
20213205
20177974
20160444
20158293
20151129
20142307
20130408
20116457
20106601
20073406
20017817
19948382
19926405
19925973
19922884
19921357
19920716
19836984
19769668
19726139
19709054
19653788
19650155
19602218
19574017
19464125
19422676
19403243
19393843
19393841
19374740
19325013
19322003
19305006
19254157
19200263
19200262
19196468
19192863
19192068
19149822
19121161
19019662
19019049
19011441
18984887
18977159
18930603
18831352
18805656
18801404
18794671
18720267
18701886
18694901
18631219
18612883
18598301
18597246
18586174
18489017
18467137
18423901
18411010
18393054
18348767
18315472
18307505
18294814
18283247
18282250
18282249
18211626
18210992
18205978
18190664
18164145
18054083
18042474
17933486
17922561
17921260
17919544
17919542
17874319
17854341
17851243
17850768
17850228
17823672
17784896
17718810
17680182
17638583
17625449
17624687
17605603
17596905
17581533
17570908
17568402
17559481
17517480
17512157
17490468
17487949
17475739
17472657
17468320
17430618
17414244
17389539
17379119
17363018
17356993
17331012
17315420
17315409
17285405
17265131
17210079
17185999
17141582
17129610
17127381
17114381
17109305
17107609
17083612
17076790
17057558
17037003
17014315
17013637
17000060
16950210
16919747
16901645
16877185
16870915
16827252
16814937
16809994
16785214
16764215
16756418
16740084
16732095
16702892
16627301
16616994
16574034
16529806
16524668
16507617
16454625
16445556
16426168
16393744
16367987
16366759
16318959
16311183
16309810
16207308
16203961
16191668
16160628
16154698
16148422
16144748
16135206
16118380
16042639
16036196
16032446
16025322
16019973
16012418
15943950
15943939
15921868
15896581
15882404
15857725
15833777
15806416
15804873
15769555
15730114
15693730
15677600
15664721
15639693
15607843
15589713
15500597
15370023
15370011
15362084
15349002
15268693
15225887
15223097
15204669
15182896
15148524
15117415
15099664
15080765
15029983
14991469
14751421
14749690
14742371
14723474
14713135
14698800
14687955
14643944
14649343
14621343
14584576
14563545
14510037
14504028
14498854
12954743
12925043
12884887
12831383
12821205
12810142
12803393
12757969
12757966
12751984
12675179
12653815
12653814
12637117
12633918
12633912
12606177
12598270
12519138
12495804
12428880
12410780
12393113
12392802
12388653
12237786
12059888
12039619
12033654
12028854
12028743
12028741
11956678
11954897
11919661
11915063
11910210
11907183
11906798
11862344
11765236
11752093
11470347
11464356
11406341
11399214
11376918
11351930
11292003
11199374
11207392
11173173
11153633
11072864
11072859
11064186
11061678
11058673
10962771
10942856
10928310
10862808
10862807
10843300
10821988
10812283
10781115
10780821
10742642
10708285
10669065
10615719
10529021
10529020
10525745
10511067
10472517
10463317
10402160
10354966
10235658
10225070
10051763
10036608
9952063
9926189
9767204
9767203
9767201
9767200
9767199
9762758
9727815
9706950
9698952
9684393
9684386
9684388
9652105
9633038
9589267
9587719
9583767
9566806
9553234
9535310
9520235
9513799
9466023
9349066
9457145
9404175
9323518
9337499
9316825
9313020
9311407
9311393
9283506
9280368
9301399
9146820
9185312
9185310
9172024
9179510
9134072
9122864
9085402
9167373
9167372
8989008
8930154
8911590
8984864
8889674
8889672
8886295
8831319
8874907
8819498
8780276
8694322
8832308
8689806
8792890
8624183
8851375
8712329
8834420
9172009
8961492
8829938
8704003
8533910
8749726
8746921
8746920
8542854
7550184
7790946
7572013
7542336
7675960
7623388
7714228
7489472
7489418
7888292
7701040
7701033
7848799
7832179
7851281
7851278
7830378
8091634
8091633
8010459
8010359
7916913
10678328
8737553
7519977
8151000
8565000
8267120
8164503
7734458
8280545
8138651
7504098
9114907
8356856
8330602
8330600
8330599
8322143
8257551
8501457
8329254
8322564
8463453
8431046
8273766
8271108
1471517
1444728
1416129
1330471
1396108
1612814
1376362
1578593
1595337
1517643
1731541
1573287
1609035
1593145
1436012
1406906
1383825
1311974
1768545
1763589
1940486
1862786
1878232
1748776
1675119
1708499
2044393
1875999
1749829
2240504
2255932
2209411
1972904
2328561
2323312
2309545
2486654
2675644
2520961
2569364
2742099
2721107
2785813
2728828
2723127
2491980
3417462
3176837
3377946
3286657
2454440
3344976
3354808
2893012
3402520
3337794
3276999
3275523
2453895
3324612
3318896
2893560
3310672
3113290
3651280
3423807
3614964
3307727
3297075
3544957
3691607
3556374
3302226
2449618
2878134
3544649
3101386
3540873
3538987
3526421
3517611
3964516
3959968
3510458
3721055
3511767
2998723
2864048
3890604
3978009
2858839
3929312
6393818
6430310
6375465
6426616
6711782
6711781
6703273
6356971
6651208
6349411
6869711
6220729
6402201
6683540
6336941
