7150869
6984472
6298835
6298527
6294424
7126409
7120124
6288917
6126640
7140531
7155049
7124308
6181259
6283067
6805715
6281389
7082534
6122613
7084303
6282596
7066163
7066147
7066145
7066139
7047580
6811932
6811921
6811910
6181414
6126811
7066127
7039643
6952112
7057390
6174908
7127370
7055528
6760767
6292982
6276633
6950300
7041936
6802995
6271322
7304894
7306425
7198266
6115924
6270490
7263931
7258587
6262686
7324833
6262095
7293215
7224117
7229117
6783946
7202515
7319134
7232665
6794327
6791015
6785803
6456287
6262856
7018155
6107711
7438685
6107472
7439255
7437209
7220432
7004250
6252996
6106780
7407029
7435902
6990950
7352279
7360334
7371972
7250147
6768078
510395
391321
509142
526414
497691
115537
383195
466334
583326
483080
484814
458815
474948
444978
286917
453488
421663
421114
378645
572694
552286
547663
547656
465292
465291
380617
380616
223616
728741
747691
722743
34176
30820
698486
666936
352372
215096
744302
414464
334210
409449
409448
869156
334206
321103
14772
338392
337748
31641
974396
945347
6688
1032070
1015212
801583
801582
2687
4851667