00000
10023607
10025042
10030480
10036608
10051763
10071631
10072959
10075626
10079471
10080036
1015212
10188634
10193138
10206545
10215676
10215864
10216978
10223149
10225070
10228474
10235658
10312332
1032070
10329877
10332819
10334372
10336526
10349563
10354966
10371665
10380514
10394261
10394262
10402160
10402813
10408823
10416067
10419552
10420316
10429417
10432001
10434516
10440532
10445490
10445776
10449201
10451781
10462093
10463317
10472517
10481428
10493109
10502307
10507712
10511067
10516632
10517544
10517563
10522247
10525745
10527644
10529020
10529021
10530511
10554505
10565829
10567329
10587741
10602250
10615719
10630350
10637824
10641946
10643813
10649968
10658237
10665107
10668610
10668859
10669052
10669065
10678096
10678140
10678328
10688632
10688973
10689589
10689843
10699546
10701946
10708285
10723852
10729371
10742639
10742642
10746542
10752319
10753497
10755464
10759387
10759392
10778781
10780821
10780842
10780844
10781115
10789517
10791932
10791933
10810245
10812283
10815411
10817460
10817461
10821205
10821412
10821988
10821989
10843300
10848054
10855372
10855374
10859082
10862807
10862808
10873929
10877739
10879015
10890300
10891786
10896028
10907375
10908521
10909149
10911924
10911931
10914298
10927866
10928310
10928312
10932843
10933025
10934299
10936512
10942856
10945877
10945934
10948567
10951654
10958085
10962771
10963298
10967518
10967702
1097258
10991968
10993435
10998549
10998995
10999352
11000552
11000922
11011303
11025950
11037118
11042867
11046087
11048355
11056574
11058673
11058680
11061678
11064186
11072859
11072864
11091779
11092582
11094993
11099129
11099141
11104936
11104938
11115734
11123005
11124101
11134491
11137282
11147165
11150107
11153633
11155787
11164692
11164693
11172464
11173173
11175458
11176091
11182872
11187226
11197874
11199374
11199877
11200569
11207392
11210198
11211745
11215228
11215403
11215968
11221618
11224094
11224099
11224159
11224254
11224380
11224407
11224415
11224419
11224471
11226822
11234466
11239921
11275413
11281555
11281569
11292003
11292548
11295322
11296435
11297835
11300671
11300963
11303059
11314675
11316923
11316925
11318393
11318399
11331027
11339288
11345072
11351930
11353519
11353807
11370644
11376918
11377924
11395686
11399214
11399802
11406341
11408532
11418229
11420099
11422100
11424343
11424477
11429365
11435989
11435992
11436909
11441428
11444154
11450367
11451391
11452479
11452775
11452842
11454944
11459404
11464356
11470347
11475905
11476266
11481150
11487232
11487247
11498722
11501175
11503833
11504153
11510062
11515335
11516497
11516889
11531909
11533891
11547472
115537
11554014
11561267
11563724
11564664
11570387
11571062
11571885
11576056
11586837
11593710
11599512
11599513
11599514
11599605
11672491
11687036
11699259
11700809
11702089
11714592
11718444
11728787
11732465
11736770
11745008
11748323
11752093
11752690
11760922
11765236
11765687
11772481
11778141
11783327
11783744
11788570
11803795
11812504
11841899
11847954
11851193
11852662
11855671
11856896
11862344
11875630
11889776
11889783
11895271
11897965
11903869
11906798
11907183
11910210
11913917
11915063
11915824
11919661
11923061
11924776
11926301
11939489
11943077
11943078
11943501
11954897
11954898
11956678
11965093
11965094
11965095
11965100
11967625
11974198
11982544
12002809
12014814
12016565
12016621
12028741
12028743
12028854
12030630
12032023
12033517
12033654
12039619
12044669
12047733
12051505
12059888
12059897
12065015
12065706
12069411
12076182
12076434
12089847
12092171
12118677
12126485
12139528
12140228
12144743
12163109
12171176
12176108
12179219
12180559
12186324
12189003
12190272
12202964
12202965
12203248
12209151
12218877
12218878
12218879
12220606
12220607
12224444
12227226
12229998
12237786
12290346
12354566
12359034
12359040
12369590
12373443
12374705
12377611
1238136
12382389
12386540
12386547
12388652
12388653
12392093
12392802
12393113
12396293
12404083
12409994
12410780
12428880
12433804
12435410
12438837
12445973
12448114
12455298
12456152
12460076
12461829
12466679
12475667
12477234
12481193
12481458
12490605
12492751
12492761
12493578
12495804
12498093
12507255
12510051
12518080
12519132
12519138
12519569
12528322
12569727
12570846
12580571
12585846
12585931
12588836
12592214
12598270
12602400
12604679
12606172
12606177
12606938
12609698
12622131
12625293
12625504
12626992
12628307
12633912
12633914
12633918
12637117
12652094
12653814
12653815
12659611
12664838
12665117
12665118
12665119
12665120
12665191
12669175
12670002
12670004
12675179
12676878
12703332
12703865
12709780
12715769
12721333
12738345
12738346
12738347
12738348
12738349
12738350
12738351
12738352
12738353
12738354
12739412
12739602
12740181
12742690
12743693
12747392
12751984
12751987
12754081
12756209
12756210
12757966
12757969
1275955
12762216
12762334
12765884
12766254
12770518
12772439
12775434
12782430
12788595
12788596
12792553
12799798
12799928
12799931
12799942
1280014
12803393
12804429
12806421
12808001
12810142
12816913
12821205
12831383
12838444
12842359
1285673
12857659
12869624
12875273
12884887
12893803
12899952
12901482
12902992
12904197
12909198
12910029
12910030
12910032
12910035
12911204
12915410
12915411
12917967
12920942
12924108
12924748
12925043
12942851
1294917
12954740
12954743
12954802
12957347
12959012
12962515
12975489
1301640
1301649
1311974
1315861
1317659
1328733
1329800
1330471
1350432
1360858
1373189
1376362
1383825
1384891
1392552
1396104
1396108
1405022
1406906
1406907
1406908
1406909
1406910
1406911
1414399
1416129
1433831
1433832
1435974
1436010
1436011
1436012
1436013
1436017
1436018
1436019
1444728
1445968
14498854
14503822
14504028
14510037
14555337
14556389
14556390
14556394
14563539
14563545
14569437
14578583
14582802
14583974
14584576
14587179
14597216
14597688
14604460
14607001
14607012
14609426
14614092
14615874
14615956
14616185
14616186
14616190
14621343
14621350
14626165
14643944
14643947
14649343
14659521
14660133
14660137
14661566
14663417
14664321
14671906
14682200
14687954
14687955
14689681
14695422
14698800
14708606
14709626
14713135
1471517
14723473
14723474
14740599
14742371
14745842
14746612
14749690
14751421
14756713
14760222
14760224
1476293
14769623
14772
1479653
1479654
1485670
1493343
1497132
14984287
14987467
14991469
15004452
15011424
1501431
15021279
1502961
15029983
15032698
1503304
15036544
15037219
15044559
15047123
15049745
15050727
15056480
15058500
15063914
15072805
15073838
15080765
15089877
15099664
15100703
15100784
15102558
15107350
15111917
15117415
15122828
15135650
15138444
15143980
15145702
15146782
15148524
15152448
15155266
1517643
15181649
15182896
15200007
15203048
15204669
15204671
15204672
15204673
15204674
15204675
15204676
15212982
15217203
1522305
15223097
1522316
1522492
15225887
15226383
15232010
15234740
15235624
15235760
15235980
15240031
15240036
15244043
15246701
15253276
15255831
15258440
15265095
15266465
15266952
15268693
15269931
15270376
15275034
15275790
15278517
15278600
15278612
15279123
15279124
15279125
15279126
15283822
1528580
15292855
15310938
15319805
15334848
15339529
15340216
15345267
15349002
15354595
15355756
15362084
15363764
15363957
1536441
15364630
15366107
15369209
15369577
15370011
15370023
15370024
15370952
15371928
15385230
15386835
15450648
1545216
1545386
1545487
15472568
1547574
15480815
15483091
15485721
15495026
15495136
15500559
15500597
15500602
15501692
15502059
15516297
15525461
15529083
15534969
15537367
15542542
1555000
15550223
15551890
15552888
15552931
15556125
15561460
15566992
15570492
15570521
15575370
15576291
15586207
15589713
1560373
1560376
15607843
15617168
15617169
15617170
15617175
15620210
15637731
15639693
15641647
15652443
15657781
15659298
15661624
15664721
15665884
15668743
15677600
15679744
15679749
15679755
15680184
15683771
15684471
15693730
15696324
15701707
15702888
15707209
15717347
15718062
15720937
15728068
15730114
15730815
1573287
15734164
15738616
15741914
15743975
15744636
15745203
15764468
15766208
15769555
15778888
15781180
15784064
15784521
1578593
15789818
1579619
15798781
15799254
15804873
15806416
15806585
15808047
15810140
15810464
15811486
15813021
15820914
15832591
15833777
15834736
15843500
15846662
15850443
15852623
15857725
15868999
15875343
15882404
15882780
15893162
15896581
15897523
15902999
15908859
15910654
15912848
1591635
15917146
15921868
15922818
15925266
15925962
1593145
15935707
15938664
15943939
15943948
15943950
15943959
15946731
1595337
15957155
15957687
15965665
15966752
15970068
15971645
15972245
15973913
15975254
15975529
15977920
15982997
15985907
15992395
15996882
16004754
16008057
16010532
16012418
16019973
16023087
16025322
16026122
16026124
16026125
16026126
16032446
16036196
16042623
16042639
16044112
16044413
16051647
16055196
16055764
16076316
16080016
16082056
16083522
16083966
16087826
16089178
1609035
1609037
16096130
16097397
16102374
16105995
16107991
16111445
16118361
16118380
16118388
1612814
16128729
16128730
16135206
16135338
16139186
16139189
16144748
16144974
16148422
16154481
16154698
16158910
16159743
16160628
1616116
16165125
16168181
16169027
16172091
1618458
16186079
16186080
16186090
16189332
16191667
16191668
16191669
16202525
16202959
16203407
16203961
16203962
16207308
16224834
16225076
16230961
1623635
16251550
16251822
1625189
16257138
16265622
16269137
16277629
16283207
16284682
16288738
16289615
1629388
16294560
16298835
16307630
16309376
16309810
16311183
16316789
16318959
16324802
16325800
16339224
16343809
16343811
16356333
16365961
16366759
16367987
16379630
16381669
16391920
16393744
16401652
16404807
16413146
16413702
16415903
16418412
16426168
16426877
16432270
16434562
16436499
16443205
16445556
16447120
16449087
16449094
16450597
16450639
16450956
16452993
16454625
16455059
16456085
16457716
16462057
16464448
16465725
16468244
1647294
16475644
16490191
16490679
16491894
16492659
16493095
16493096
16493097
16493098
16493349
16493560
16499515
16502886
16506
16507617
16514314
16515317
1651892
1652076
1652079
16524662
16524668
16529806
16533497
16536895
16536900
16541404
16544403
16544426
16546629
16547090
16548940
16550495
16554136
16564141
16565164
16565573
16569721
16569757
16572262
16573839
16574034
16580783
1658305
16583408
1658819
16595322
16595358
16597570
16604748
16610414
16610415
16612211
16612846
16614601
16616162
16616994
16620543
1662176
16625553
16627301
16627305
16627306
16627307
16628138
16632824
16639978
16641169
16642964
16643251
1664666
16650985
16652030
16669899
16673195
16700146
16700149
16702892
16715645
16716851
16716852
16719242
16719249
16720083
16721696
16732095
16740084
1675119
16753646
16756418
1676005
16764215
16764216
16764217
16764218
16768899
16769444
16772537
16781931
16783071
16785214
16785455
1678679
16789982
16792154
16802166
16803661
16806444
16809994
16814005
16814937
16816046
16818314
16823990
16827252
16842385
1684869
16849346
16850600
16854666
16855177
16856549
16859402
16859549
16860176
16867528
16869033
16870915
1687424
16877185
16879940
16884182
16890339
16893317
16898102
16901645
16902718
16902719
16902725
16902726
16902730
16902770
16904173
16908306
16911735
1691559
16919747
16923672
16923675
16928267
1693031
16930862
16930865
16939934
16939945
16944410
16945367
16948588
16950210
16952820
16953647
16956874
16958555
16964809
16966198
16981980
16982291
16983521
17000060
17001553
17012944
17013637
17014315
17015570
17017836
17018206
1703389
17036999
17037003
17037004
17042728
17046338
17050900
17052031
17054160
17055191
17057558
17062539
17062541
17073128
17073131
17075655
17075657
17076790
17078595
17083457
17083610
17083612
17084756
17084876
1708499
17088229
17089480
17089985
17106658
17107609
17109302
17109303
17109304
17109305
17109306
17109307
17109308
17109309
17109310
17109311
17109312
17110826
17111839
17112927
17114381
1711441
17118343
17127381
17129610
17131133
17135176
17135179
17139391
17141138
17141582
17145457
17147106
1715035
17158196
17160765
17163802
1717858
17179191
17184061
17185999
17201870
17206238
17210079
17210080
17211652
17220427
17228335
17240086
17244875
17245325
17265131
17266536
17268583
17270059
17276008
17279218
17283225
17284966
17285405
17286641
17287036
17291715
17298658
17306725
17306728
17306729
17306730
17313907
17315409
1731541
17315420
17319259
17331012
17334674
17335723
17343432
17344330
17346785
17351659
17354146
17356982
17356993
17363018
17364281
17364425
17364631
17364836
17364848
17364849
17365275
17367094
17367258
17367825
17372805
17373044
17373566
17373571
17375011
17379119
17382406
17386981
17389539
17391891
17400414
17405584
17408309
17414244
17418990
17430618
17436107
17439863
17442473
17446599
17448411
1744931
1744987
1745104
17454012
17455115
17456611
17458351
1746507
17465641
17468320
17472518
17472657
17475184
17475725
17475739
17478058
17481455
17481458
1748776
17487946
17487949
17488881
17490466
17490468
17490635
17493771
1749829
17499959
17506153
17512157
17517480
17531960
17536617
17538746
1754079
17541066
17542385
17543828
17545747
17555645
17557657
17558032
17559481
17564876
17564877
17565668
17568402
17570908
17581533
17588493
17588494
17594992
17594993
17594994
17596905
17598095
17601735
17605603
17613961
17615060
17619934
17624687
17625449
17625483
17625665
17629666
1763589
17636553
17638583
17640461
17643869
17646070
17651725
1765889
17664052
17680182
17681716
17682629
17683593
1768545
17685876
17688390
17689356
17689374
17689382
17695670
17702750
17707737
17718810
17725885
17725888
17763831
17784896
1779658
17805212
17823672
17827420
17844723
1784506
17850228
17850768
17851088
17851242
17851243
17854341
1785709
1785960
17874319
17876257
17882607
17889498
17891655
17891656
17891657
17896524
17898660
17900853
17908825
17909275
17913395
17914664
17915074
17915812
17919542
17919544
17921260
17922561
17925988
17933486
17933594
17935587
17936008
17952158
17957979
17959980
17961313
17965635
17966605
17971165
17974942
1797849
17983559
1798449
1798460
1798504
17986490
17988455
17994223
17994482
18008179
18018803
18018812
18018814
18031426
18032012
18032235
18034381
18042474
18044957
18054083
18058396
18059322
1806198
1807006
18071169
18078103
18083312
18084371
18085322
18087797
18087846
18088293
18093096
1811431
18155364
18160193
18162330
18164145
18164193
18173815
18175516
18175574
18185883
18190664
18193922
18202730
18205978
18207334
18209513
18210992
18211626
18212797
18215395
18216800
18221165
18221622
18226517
18236140
18239755
18248941
18254211
18254979
18260044
18264882
18282249
18282250
18283247
18285510
18286802
18286804
18288906
18290581
18293793
18294814
18294936
18295435
18299778
18305456
18307505
18315472
18316282
18316438
18320545
18324390
18327673
18331120
18331121
18332624
18337025
18348722
18348767
18349865
18351305
18354714
18355923
18355989
18359216
18360586
18363014
18363493
18367894
18370500
18371868
1837321
18381489
18381506
18381654
18382224
18389996
18392754
18393054
18395841
18401319
18409073
18409661
18411010
18415194
18415209
18415237
18415266
18415400
18415403
18415494
18415545
18416765
18422827
18423901
18425880
18425946
18435873
18435875
18438689
18443666
18444447
18451197
18456292
18458279
18462262
18463995
1846412
18467137
18474065
18479840
18482930
18489017
1850210
18503626
18518651
1854055
18544218
18544222
18548365
18552727
18552728
18552729
18552730
18554353
18555130
18557164
18559110
18563859
18567516
18567959
18570665
18574363
18577225
18582309
18583914
18583918
18584389
18584400
18584401
18584566
18584576
18584580
18586157
18586174
18589179
18592319
18594026
18596376
18597246
18598301
18604522
18604769
18608275
18612883
18627229
1862786
1862999
18631219
18634857
18636999
18646118
18662364
18668369
18672960
18678689
18684226
18685388
18686025
18688120
18691917
18694901
18701828
18701886
18702446
18703559
18708654
18712130
18713521
18715741
18715744
18720267
18724572
1874857
1875542
18758763
1875998
1875999
1876053
1876075
1876122
1876130
1876131
1876146
1876147
18766156
18770082
18774063
18774623
18775604
18778390
1878232
18783498
18794671
18801404
18802942
18804923
18805656
18805662
18807743
18819759
18824311
18831352
18832476
18837637
18837640
18840620
18843675
1884671
18849809
1886591
18922673
18926274
18928077
18930603
18935776
18938116
18951215
18956527
18956529
18977159
18982913
18984887
18984896
18987062
18989445
18997874
18999012
19004597
19004598
19007507
19007513
19011441
19016164
19019049
19019662
19021929
19025217
19026993
19028746
19031975
19034736
19035061
19040199
19058904
19059045
19066981
19069302
19076888
1907922
19081679
19084359
19084658
19089500
19089508
19095476
19101743
19104845
19110701
19112993
19116297
19116954
19121161
1912151
19122930
19136395
19149822
19151800
19151804
19156956
19168053
19172850
19182485
19189163
19192068
19192765
19192863
19196468
19197589
19197596
19197597
19199166
19200262
19200263
19207433
1920786
1920787
19209431
19209537
19212931
19215987
19219093
19224082
1922859
19229225
19232849
19233749
19236356
19238786
19243636
19247639
1924908
1924919
19254157
19269730
1927058
19281102
19282469
19283573
19283574
19285495
19295055
19296223
19301934
19305006
19305793
1932148
1932153
19322003
19325013
19328024
19332991
19335661
19340675
19344049
19344759
19345298
19346946
19360539
19368419
19370547
19370651
19370679
19374740
19378450
19383210
19383214
19383935
19391289
19392907
19393841
19393843
19394789
19395770
19396968
19402772
19403243
19403852
19403853
1940486
1940487
19406593
19406914
19409968
19413461
19413789
19420947
19420948
19421664
19422392
19422676
19426291
19428542
1943479
19435402
19443138
19443999
19444740
19448245
19452363
19453959
19454085
19461836
19462298
19462305
19464125
19466922
19469098
19469751
19469753
19476717
19480466
19492216
19494155
19500085
1950193
19502025
19514947
19519662
1952031
19522261
19536784
19538000
19540049
19540407
19544152
19548872
19549053
19553061
19563562
19574017
19575703
19577406
19588330
19591064
19591810
19591929
19593120
19595641
19597874
19601871
19602218
19608355
1961484
1961493
19618840
19624330
19625142
19645647
19646283
19650155
19653788
19653810
1965748
19662922
19662927
19664407
19666363
19666890
19684909
1969295
1969472
19695365
19695371
19695372
19695373
19695374
19695424
19697569
19699606
19708849
19709
19709054
19713488
19717249
19726139
19727311
1972904
19739698
19751825
19752455
19754915
19754919
19757617
19767156
19769668
19773542
19774212
19785976
1979183
19800681
19800758
19801178
19801566
19804707
19806910
19807275
19807585
19808129
19819313
19820227
19820405
19836984
19841060
19843785
19858164
19874152
19874646
19882396
19882460
1988653
19887017
19887803
19888882
19898579
19904716
19918165
19920420
19920716
19920984
19921357
19921510
19922570
19922884
19923837
19925973
19926271
19926374
19926405
19930026
19931991
19935937
19945361
19948382
20004317
20006453
20010421
20014914
20017817
20020853
20025451
20025454
20029845
20033362
20034328
20041843
20043989
20045358
20051159
20053487
20056555
20061095
20073406
20074867
20077594
20078480
20078490
20080369
20081245
20081440
20094116
20095910
20099319
20106601
20111869
20116457
20122691
20130408
20132116
20132117
20132118
20132119
20132120
20132121
20132122
20132123
20132124
20132125
20140302
20141452
20142307
20145406
20146550
201474
20150662
20151129
20155591
20155596
20157043
20158293
20160444
20163395
20164504
20164524
20169438
20177760
20177974
20178309
20180662
20187600
20189341
20189638
20198904
2020470
20206560
20210727
20211913
20213205
20216119
20225509
20226512
20230555
20230561
20230567
20232057
20233020
20235445
20237808
20301952
20302238
20303678
20303699
20304726
20305310
20305886
20307793
20307795
20307796
20307799
2032057
2032058
2033521
20336404
20336435
20346350
20362408
20363983
20369247
20379336
20390696
20390697
20390701
20391820
20393347
20397939
20401336
20403021
20407978
20407980
20415289
20420250
20421512
20434868
2044393
20444630
20447231
20447786
20450240
20450241
20450242
20450243
20450244
20456294
20458550
2046436
20467277
20472417
20473351
20476679
20478242
20478668
20482340
20483578
20492579
2050347
20509084
20512898
20513828
2051748
20521592
20525028
20528513
20529288
20532839
20534436
20536336
20537815
20538178
20541900
20545875
20551400
2055424
20554411
2057087
205747
20575820
20577660
20577717
20584799
20584850
20590378
20595401
20598829
20598836
20605006
20607647
20616266
20617307
2062170
20626377
20626379
20626723
20632700
20636568
20639555
20640538
20642248
20642509
20648912
20650513
20652688
2065712
20658895
20666206
20670047
20672450
20678551
20682186
20685494
20687073
20689114
20692778
20694125
2069536
20699077
20702049
20702761
20709341
20712608
2071440
20727704
20728299
20728384
20732019
20797732
20803321
20803785
20803788
20805904
20805922
20817384
20819050
20819387
2082807
20828070
20829393
20837556
20840169
20845653
20855077
20855420
20858363
20858364
20864426
20868741
20877747
2088160
20881947
20885865
20888988
2090691
20919996
20921918
20924881
20924888
20925688
20940013
20940093
20940383
20940391
20950455
20952727
20955107
20956077
20958853
20959867
20960411
20965297
20970267
20975316
20978062
20980992
2098589
21036495
21042200
21045597
21045600
21047194
21047302
21050175
21051498
21053756
21057940
21064010
2106928
21073831
21074699
21074740
21074741
21091589
21105573
21112161
21112167
21112758
21114985
21118011
21122129
21124750
21125263
21126674
21134724
21135593
21138531
21142534
21145700
21153585
21154653
21155682
21163592
21169793
21170143
21170166
21175445
21177476
21180410
21181418
21182491
21186929
21186976
21189885
21197300
21199314
21205451
21214706
21215785
21219701
21232882
21235617
21239911
21245177
21245178
21246299
21247284
21266627
21269813
21270789
21277704
2127853
21281215
21299671
21301858
21303242
2130610
21306845
21309952
21310583
21312147
21317588
21317589
21317590
21317591
21317592
21317593
21317594
21317595
21317596
21317597
21317598
21317599
21317600
21317601
21317602
21320007
21322902
21325999
21328090
21328250
21332315
21338514
21350889
21351313
21351457
21353749
21354729
21355929
21355939
21356421
21356580
21366875
21375137
21377275
21383220
21392040
21395892
21397143
21402963
21403039
21407952
21411146
21419010
21434494
21434580
21434652
21438849
21438938
21439211
21439212
21439213
21439214
21439217
21444858
21450498
21453146
21455379
21455380
21456888
21459544
21461193
21463165
21466501
21477061
21477658
21480011
21480679
21480827
21482052
21486104
21491383
21493447
21495679
21498267
21501371
21501542
21502936
215096
21515002
21515090
21519308
21528924
21529238
21533716
21534129
21535372
21536702
21538146
21545554
21545559
21545561
21561035
21562445
21564282
21565452
21568361
21569440
21569624
21576406
2159077
21591321
21596492
21597537
21598463
21599628
21600706
2160444
21608376
21614796
21619723
21630508
21635191
21640969
21645198
21664789
21668086
21671107
21696355
21696438
21696648
21702102
21708853
21708854
21708857
21708859
21710757
21710759
21717253
21718192
21721023
2172186
21724673
21731186
21741031
21741781
21742445
21743375
21743710
21744558
21749526
2175919
21761950
21765198
21768936
21768937
21768938
21768940
21768942
21768947
21768959
21768961
21768962
21768973
21768979
21768984
21768985
21768987
21769026
21769038
21769042
21769043
21772682
21781635
21782352
21786326
2179136
21792563
21800442
21807566
21808159
21817918
21819788
21819795
21821379
21821560
21823171
21824659
21831060
21831565
21833948
21834699
21834754
21838837
21838850
21838973
21839210
21844833
21844838
21845796
21849979
21851203
21852093
21853690
21854273
21854290
21854644
21856474
21857233
21857500
21858959
21860340
21861411
21862241
21863064
21866885
21867403
21868170
21869765
21881461
21883606
21885310
21886430
21888441
21901695
21905618
21905968
21912330
21919976
2192406
21924552
21927455
21927835
21929827
21932753
21932755
21932759
21936751
21937837
21940134
2194053
21945130
21948099
21951213
21955033
21956081
21956617
21962726
2196628
21967467
21969026
21970125
2197054
21970858
2197814
21987030
21988814
21992470
21995512
22000601
22001981
22002899
22004671
22010420
22011128
22014257
22020456
22024000
22026126
22026451
22026523
22026524
22027906
22030204
22030474
22033233
22036303
22037640
22042215
22047817
22056203
22060728
22065255
22079577
22084456
22086665
22087721
22088886
22091732
22092298
22092357
22093488
2209411
22098111
22100576
22104480
22105061
22107875
22109894
22111858
22115823
22115887
22119647
22121339
22123176
22135922
22137383
22137413
22137646
22141389
22148986
22150940
22151032
22152997
22156892
22158303
22161378
22173570
22175698
22186079
22196236
22198453
22207722
22211347
22215271
22216993
22220585
22227421
22227428
22227786
22230804
22233471
22235870
22238292
22242248
22242643
22256949
22261004
22262924
22263709
22263712
22263714
22263715
22263716
22267618
22280332
22281215
22284835
22285736
22292518
22294791
22301084
22323375
22329556
22330792
22330867
22331325
22334875
22335489
22337776
22346191
22348921
22354163
22356663
22356664
22356665
22361364
223616
22367499
2236778
22368411
22369095
22369187
22370011
22375882
22378051
22385931
22386175
22386182
22396085
22403414
22404717
2240504
22409388
22417836
22424799
22427466
22428721
22428819
22429821
22429858
22430023
22432983
2243541
22443154
22448305
22448769
22452493
22456302
22456493
22462186
22468666
22468667
22469638
22470353
22471668
22471713
2247319
22475815
22475985
22479882
22479884
22479887
22482491
22486806
22494234
22504149
22505603
22512363
22514846
22517450
22520768
22525931
22526067
22530273
22532618
22534003
22540432
2255039
22555085
22559256
2255932
22561499
22564314
22564847
22565115
22570562
22572594
22577050
22577788
22587811
22589497
22613171
22614935
22614936
22614967
22626615
22626890
22626893
22640765
22642013
22644357
22651957
2265296
22662401
22676569
22676570
22680789
22688601
22689280
22690174
22691393
22703715
22704124
22706617
22708140
22710371
22718901
22719814
22726911
22731776
22731882
22739506
22741944
22743574
22747535
22747731
22765848
22768012
22771144
22775351
22776195
22786460
22786462
22788217
22792002
22795215
22797321
22805228
22809652
22809653
22810057
22813462
22813654
22825602
22828157
22833646
22833702
22835477
22835751
22838110
22841456
22841461
22845044
22845054
22845057
22850099
22862867
22862869
22862870
22862872
2286420
22864399
22873183
22873184
22873189
22875830
22876835
22879745
22882166
22882389
22882401
22882402
22882403
22884575
2289007
22890187
2290047
22902085
2290501
22915104
22921476
22925591
22933386
22938914
22939650
22941853
22944610
22946908
22968396
22969145
22975888
22978772
22980449
22980471
22983066
22984649
22987980
22989279
22991174
22998333
22999177
22999817
23007109
23013384
23013781
23021099
23026548
23033793
23034996
23036249
23037965
23041680
2304247
2304255
23043810
23045289
2304681
23051577
2305652
23059064
23060530
23062049
23073726
23074230
23076398
23079917
23082538
23084592
23086347
23087138
230881
23092049
23092710
2309545
23097561
23100497
23103550
23106922
23106923
23106924
23106925
23106926
23106927
23106928
23106929
23106930
23106931
23110274
2311163
23111820
23114823
23114824
23121989
23125072
23129079
23135165
2313769
23137766
23145768
23153637
23158326
23159524
23161001
23161599
23162402
23164063
23186008
23186149
23187048
23200931
23201172
23207629
23210630
23216174
23222095
23226534
23227572
23233054
2323312
23235296
23240906
23244549
23244551
23246635
23253768
23257574
23259516
23260506
23264315
23264319
23265445
23270317
23279623
23279924
23281709
2328175
23285502
2328561
23288871
23293011
23293233
23294888
23294889
23317685
23320402
23320480
23327175
23331877
23331878
23331880
23331881
23332439
23333292
23337847
23338029
23340537
23341102
23344700
23349342
23355251
23357446
23357637
23359655
23364815
23370795
23374027
23376546
23378096
23380318
23388531
23388678
23389850
23391965
23393513
23398458
2340348
23408251
23416213
23416790
23419814
23420918
23421567
23421571
23423312
23432078
23433750
23434263
23435626
23438032
23440817
23446143
23450863
23452789
23456431
23471956
23472794
23475406
23480248
23480249
23481062
23488511
23489089
23489947
2349809
23506252
23507455
23507562
23510229
23512803
23516769
23518130
23518287
23518339
23521205
23523131
23524044
23528523
23530789
23531704
23537174
23539497
23541303
23542298
23545276
23550514
23551991
23554519
23554530
23558760
23558762
23562033
23562407
235626
23563044
23566446
23567099
23568116
2356939
23577898
23577902
23582417
23584313
23585610
23588566
23588567
23594352
23599011
23599513
23599514
23603932
23605225
23609213
23610028
23611363
23612435
23612625
23616210
23617857
23617861
23617867
23617873
23619392
2362338
2362343
23624329
23626556
23630985
23632726
23641443
23647815
23648060
23648497
23651992
23652177
23652222
23656339
23663749
23664112
23665439
23665497
23669129
23671409
23678668
23688843
23690105
23692014
23697094
23702611
23707283
23709302
23709320
23714048
23718658
23719588
2372154
23722632
23723052
23726980
23727654
23731419
23733899
23734858
23734878
23736517
23739025
23740540
23742694
23744347
23745982
23748879
23750774
23758187
23758404
23760961
23762965
23763406
23763429
23770552
23772177
23773400
23775478
23781656
23782362
23783166
23786504
23795874
23795882
23803595
23811060
23812624
23814972
23820366
23829344
23837730
23838758
23839029
23839545
23839678
23844954
23845658
2384583
23846520
23847869
2384889
23849373
23849409
2384948
2384956
23855333
23855719
23855724
23859638
23859702
23866883
23872995
23874860
23877740
2388391
238862
23886460
23888429
23891461
23895765
23896305
23900890
23904546
23905399
23905402
23909865
23909970
23910721
23912473
23916321
23918492
23919595
23922192
23923476
23930470
2393107
23931660
23932842
23934003
2393441
23937228
23939642
2394102
23949903
2395121
23951853
23952897
23955407
23956042
2395958
2395965
23960766
23961726
23962419
23965172
23967714
23971710
23972743
23972754
23983011
23983012
23983988
23989451
23993129
23995832
23997546
23997892
23999378
24004685
24014144
24018232
24020477
24025130
24033782
24041131
24041211
24041213
24045030
24051063
24051747
24051897
24053859
24074190
24074852
24080771
24080973
24095679
24095872
24098748
24099551
24099717
24112096
24113212
24118014
24120973
24124373
24126024
24126707
24128379
24129113
24130046
24130973
24131165
24131626
24132830
24139199
24141894
24148523
24152140
24153411
24155346
24159907
24159913
24161287
24174501
24182727
24186493
24189173
24200104
24209382
24210016
24210532
24219166
24222013
24224475
24227768
24236993
24237901
24238714
24245573
24246120
24247147
24250054
24256157
24256307
24259614
24268947
24270319
24272810
24273683
24274990
24280659
24284855
24290979
2429532
2430191
24304349
24307971
24313239
24313243
24320787
24321744
24322311
24330279
24330593
24332511
24333231
24340431
24344738
24350230
24353018
24353217
24359719
24365462
24366859
24367510
24372103
24373184
24380101
24382362
24382761
24386894
24392259
24394496
24394747
24399105
24399765
24401792
24410515
24410602
24411776
2442668
24428135
24428768
24431810
24436573
24438111
24438113
24438778
24444055
24458222
24459402
24459403
24461476
24462581
24467734
24468235
24474855
24474859
24474873
24480962
24481929
24484983
24494096
24494140
2449616
2449618
24499640
24500040
24500338
24500948
24501913
24509068
24511440
24511985
24516338
24521036
24534592
24536038
2453895
2454440
2454742
24548802
24550443
24560129
24563815
24566267
24568804
24569357
2457160
24577059
2458208
24582423
24588297
24591547
2459370
24594221
24594902
24599244
24600544
24602363
24602546
24602547
24605959
24606726
24613946
24615308
24617653
24619775
24623988
24624763
24628132
24628996
24629782
24630268
24637034
24641546
24644198
24645762
24645799
24645817
24645818
24645819
24645820
24649783
24652693
24653644
24654615
24654720
24654721
24654813
24655078
24656054
24658483
2465994
24662615
24666315
24666428
24677496
24679456
24680219
24684621
24689806
2469395
24695018
24695742
24701498
24701967
24706398
24713865
24715663
24715666
24716256
24724891
24726429
2473187
24733007
24734089
24735059
24735085
24736526
24741316
24745064
24751432
24756859
24759572
24761755
24765257
24766667
24767442
24769261
24777492
24779501
2478047
24787339
24788959
24790061
24793093
24802159
24806873
24813551
24815321
24815969
24817054
24817056
24819710
24820178
24820999
24821346
24825236
24830319
24831754
24835268
24838111
24840554
24841329
24845165
24845488
24845493
24845968
24846673
24849803
24850608
24851376
24855751
24858136
24859230
24860664
24861887
24862514
2486625
2486654
24870204
24873999
24874817
2488032
24880512
24885218
24886095
24889849
24892477
24903063
24904190
24904419
24905761
24907511
24912424
24912863
24916946
2491980
24925983
24927504
24930319
24933507
24940223
24942534
24944066
24944070
24945162
24953168
24953563
24957634
24959727
24962326
24971239
24971241
24971251
24973401
24975450
24978013
2497861
24984130
24984689
24985936
24988978
24990199
24995716
24997702
24998500
24999060
25015174
25015687
25022635
25023716
25024850
25040021
25041444
25041686
25046332
25052793
25060491
25060839
25061700
25061701
25062111
25062519
25062522
25063147
25065457
25065489
25069011
25070299
25070601
25072677
25084802
25090043
25090173
25092200
25102147
25106089
25115236
25117851
25123823
25127184
25130184
25130230
25134875
25137081
25138998
25145717
25150272
25153315
25156759
25162607
25162980
25163678
25163749
25163931
25170033
25170278
25170740
25171726
25178815
25179217
25183042
25189089
2519136
25191915
25193176
25194020
25195682
25197828
25198209
25199095
25199822
25202441
2520396
25205666
2520912
2520961
25212472
25218919
25220043
25221984
25221985
25225137
25226480
25228817
25229835
25236185
25239213
25239738
25243431
25243972
25249444
25251050
25251308
25253272
25254667
25254668
25254670
25255070
25255071
25255072
25262056
25262418
25264415
25267606
25269566
25271655
25272148
25275875
25282598
25295655
25295868
25296014
25302827
25303611
25304049
25305141
25305714
25307441
25309144
25312475
25314340
25321188
25322681
25330017
2533282
25336765
25336782
25337714
25339320
25341411
25342718
25347242
25347412
25348172
25348227
25351887
25353069
25354289
25354916
25357093
25358852
25364037
25364994
25364995
25373881
25376545
25376547
25376680
25376754
25377071
2538171
25384936
25385094
25389219
25392062
25392436
25392437
25392564
25393311
25394132
25394611
25402596
25406170
25406177
25407020
25407613
25409987
25413371
25427944
2543017
25431739
25432908
25447184
25449054
25453747
25454409
25456093
25456326
2545795
25459926
2546225
25465344
25474108
25477192
25479914
25480096
25480160
25481453
25483740
25485881
25488320
25490610
25490611
25490943
25496247
25503600
25503691
25503883
25510307
25510513
25512031
25516077
25518754
25519865
25521224
25522425
25522892
25523998
25524751
25526229
25526395
25526809
25530903
25540212
25543167
25544740
25545541
25550126
25555887
25556392
25559124
25562462
25562730
25563731
25564105
25569005
25569708
25572305
25583888
2558758
2558784
25590496
25592182
25592332
2559806
25599968
25601365
25603822
25610012
2561845
25622120
25622776
25623082
25624097
25626451
25629812
25645132
25646891
25649778
25649847
25650386
25650975
25650977
25651434
25654572
25660046
25661018
2566343
25663675
25664200
25665273
25666027
2566680
25667802
2566923
25671806
25675861
25678375
25678441
25680734
25683329
25683352
25692067
2569364
25702273
25703440
25706332
2570883
25709186
25715074
25716997
25723604
2572707
25732991
25735465
25738001
25738320
25738533
25742206
25743750
25744650
25747920
25747921
25749118
25749264
25749509
25750749
25757520
25757712
25757750
25759139
25760046
2576057
25765484
25769319
2577032
25771691
2577247
25772950
25774404
25775099
25783757
25786725
25794231
2579784
25800409
25800953
25801127
25807454
25808363
25811238
25814381
25818060
25818110
25819700
25821874
25822268
25823630
25823632
25823907
25823919
25826044
25826743
25831576
25834439
25836317
25837290
25838001
25839406
25841225
25841703
25841704
25842589
25844527
25848298
25851505
25851990
25858579
25861916
25865734
25868557
25869219
25872121
25878415
25881164
25884206
25885508
25889208
25898137
25899872
25901451
25901713
25902733
25907815
25908321
25910516
25913851
25914912
25918966
25919527
25920103
25921475
25923291
25927042
25927914
25934054
25935159
25935714
25935736
25937593
25944578
25950232
25950595
25962609
25967268
25972091
25973324
25974277
2597815
25980599
25986647
25989154
25996041
25997674
26001919
26003659
26009867
26013471
26017246
26017618
26020155
26020156
26020157
26020158
26024998
26025117
26025481
26028686
26035084
26035085
26039379
26043968
26045456
26045460
26045511
26048187
26048638
26050614
26053085
26056209
26066931
26068437
26071501
26073899
26075588
26076048
26076211
26079104
26080038
2608988
26095066
26098042
26102240
26106929
26107096
26110221
26110357
26113684
26124175
26134641
26142880
2614900
26153065
26154531
2615545
26160514
26162395
26167561
26168816
26170596
26171718
26172282
2617376
26176490
26179339
26179573
26180219
26186388
2619004
26190414
26205326
26207854
26212260
26212632
26218410
26223631
26224441
26224443
26224444
26227254
26233698
26234590
26240258
26240259
26241181
26245281
26246790
26247080
26256469
26257480
26258153
26258203
26265737
2627049
26298399
26302337
26305073
26305656
26305657
26309105
26312959
26312963
26315948
26322212
26330716
2633073
26331017
26331899
26335003
26337202
26350582
26350930
26355141
26355598
26358024
26358712
26372412
26374128
26377702
26378136
26380328
26383747
26383752
26384619
26384620
26390769
26392442
26398978
26400835
26404500
26406300
26407542
26408883
26409030
26409751
2640985
2641003
2641031
2641039
26412405
26412406
26412801
26414784
26421677
26424066
26426693
26432025
26437312
26450513
26452239
26454835
26457976
26459906
26461073
26464200
26464927
26467541
26467975
26468683
26469939
26471874
26479277
26479400
26479717
26483356
26486458
26491960
26498740
26508767
26511766
26512202
26514156
26517324
26518253
26521014
26525109
26526770
26529670
26535971
26547914
26550594
26554176
26566712
26566761
26566771
26569631
26572942
26574020
26577297
26581470
26583450
26587696
26587796
26589431
26599131
26604818
26604854
26613636
26620290
26623697
26632786
26632862
26634956
26638126
26639639
26639678
26645017
26650971
26653090
26658085
26660174
26660175
26662858
26664077
26664083
26669324
26669528
26670868
26672127
26672499
26672650
26675083
26682722
26684923
26684956
26689065
26689067
26690291
26692748
26702207
26703873
26719075
26720742
26721375
26723885
26728642
26730511
26735636
26741809
26745033
26747509
26747613
26749158
26749217
2675644
26757093
26758991
26763491
26763728
26763789
26764395
26767339
26770721
26771870
26773222
26777900
26778604
26778896
26781123
26795707
26796596
26799738
26800851
26801398
26803331
26804639
26804898
26808307
26810130
26811185
26811236
26814246
26816973
26817982
26817983
26818083
26818474
26820059
26820154
26825542
26831174
26832931
26832998
26836787
26847447
26848803
26849034
26857811
26861165
26861654
26862026
26865472
26869247
26869294
26869838
2687
26879874
26885536
26898023
26899477
26900669
26904355
26908300
26912816
26913830
26914546
26917621
26918564
26918662
26919594
26931763
26933874
26937061
26940259
26940689
26940870
26948856
26957685
26957696
26960851
26962463
26968469
26977696
26979295
26981104
26984437
26985649
26987318
26988423
2699011
26991660
26991673
26996928
26996987
27003021
27006272
27007583
27007584
27008037
27009099
27009622
27012435
27014046
27027362
27027833
27031380
27035058
27042732
27042734
27046310
27049508
27049548
27053175
27056847
27068849
27069684
27083254
27086374
27086392
27087758
27088135
2708841
27093305
27097276
2709794
27100203
27114000
27121539
27123798
27131800
27132312
27134975
27138058
27140427
27157143
27161860
27163782
27172230
27177563
27177564
2717796
27179822
2719445
27199497
27201307
27202827
27203162
27208711
2721029
2721107
27211993
27211995
27211996
27213169
2721544
27217808
27223595
27223691
27223836
27223837
27227503
2723013
2723127
27235620
27235654
27235660
27239291
27244045
2724512
27246646
27260937
27267785
27273511
27273625
27273759
27275055
27287352
27287965
2728828
27296655
27304767
2731059
27311495
27314487
27317483
2733136
2733386
27335869
27338968
27340958
27343545
2734763
27348169
27356522
27365574
27366109
27370527
27376622
27378916
2738496
27385847
27386303
27390058
27391853
27393493
27400463
27403784
27404914
2740543
27408341
2742099
27422763
27427455
27427456
27429549
27431048
27431049
27434440
27434441
27434505
27435442
27435717
27442456
27445237
27462930
27463799
27464203
27473519
27473985
27483415
27487158
27488225
27495167
27499567
27499655
27504383
27504867
27504926
27504930
27508068
27510521
27512740
27521809
27524395
27530823
2753313
27537841
27547489
27550978
2755276
27555206
27561982
27562171
27562968
27563013
27564423
27569459
27569655
27573832
27573851
27574837
27575825
27576596
27579248
2758241
27592115
27593969
27603712
27606401
27606405
27606408
27610580
27614084
27614330
27617799
27619355
27619934
27625351
27629823
27636696
27646674
27647259
27647616
27651026
27654608
27654688
27656728
27665675
27673139
27679504
27681372
27687214
27687743
27690549
27690553
27692188
27692193
27695638
27698508
2771123
27715904
27717535
27723910
27726319
2772637
27729254
27734745
27736284
27740713
2774230
27745534
27746208
27746532
27756148
2775626
2776393
27763996
27764078
27770695
27771105
27771783
27776678
27781278
2778671
27788815
2778949
2779808
2779810
27799240
27802544
27803387
27806350
27806420
2781093
27818236
27823911
2782578
27826213
27827989
27833768
27844471
27846264
2785813
27859761
27865152
27876117
27876594
27886650
27894615
27896019
27896372
27897918
27898496
2790101
27901359
27903034
27904078
2790552
27909191
27909193
27919103
27922764
27925249
27925864
27925868
27926949
27927048
27929214
27929709
27931253
27931318
27932682
27933094
27935442
27940188
27955689
27958381
27974484
27977317
27978771
27984521
2799329
28002704
28017182
28024988
28033474
28051841
28057953
28059434
28063060
28068780
28070862
28072812
28075535
28075537
28086177
28086837
28086944
28087986
28092469
28097004
28097659
28101968
28107210
28107580
28107680
28111265
28118835
28121168
28130265
28130543
28131519
28132694
28132702
28132703
28133451
28133635
28135387
28161143
28162850
28163027
28164407
28168791
28171798
28179743
28182123
28184294
28187838
28188310
28188737
28188773
28191917
28192911
28194688
28201761
28203387
28207646
28209683
28210713
28210917
28214183
2821559
28217658
28220474
2823167
28235415
28235462
28237052
28237362
28240955
28241764
28242230
28242537
28243878
28245872
28252511
28252898
28258807
28258833
28263457
28263465
28263937
28267837
28267934
28267949
28268215
28273017
28275350
28276662
28290640
28292505
28292795
28296524
28296579
28296603
28296674
28301697
28304248
28315644
28315645
28315808
28320869
2832191
28322465
28324627
28326977
28327378
2833734
2833735
28337574
28340233
28341722
28343557
28343650
28345206
28347772
28348732
28350229
28353467
28361126
28363320
28363321
28371689
28376505
28378462
28379862
28392713
28393548
28393895
28394437
28394849
28398192
28399084
28401523
2840178
28404028
28404055
28404166
28404248
28404266
28404314
28404325
28404326
28404348
28404395
28404419
28405035
28406856
28410339
28411002
2841602
2841613
28416162
28418123
28426332
28426507
28441273
28442370
28445495
28446428
28446438
28447431
28447766
2845300
28454045
28457152
28466581
28468077
28468518
28472543
28473157
28474452
28479900
28480247
28481727
28483102
28488155
28488266
28489467
28492060
28492461
28496466
28499432
2850212
28502792
28505488
2850923
28510996
28511196
28514299
28519244
28525291
28526486
28526967
28529215
28529359
28530682
28530896
28536980
28536981
28541440
28543168
28543191
28546740
28548551
28549161
28553701
28554597
28554599
28554602
28556303
28561914
2856939
28569590
28571505
28572711
2857568
28578864
28579821
28579823
28586444
28587620
2858839
28590045
28591852
28593737
28603825
28604141
28605278
28609749
28611509
28612362
2861882
28626834
28627790
28628701
28628853
28631527
28635181
2863704
2864048
28641929
28642642
28644085
28645134
28647677
28655009
28655025
28661714
28663625
2866738
28669739
2867050
28673521
28673522
2867881
28679499
28681613
28682892
28683172
28683421
28683783
28688108
28691273
286917
28694263
28694264
28694265
28694272
28694273
28697916
28698151
28699096
28700791
28701435
28701461
2870660
2871181
28715848
28718693
28722116
28722879
28723256
28723302
28724151
28724492
28724496
28727399
28727661
28730328
28733097
28733101
28735039
28742624
28745394
28747189
28755768
28759482
28763315
28767537
28778219
28780906
2878134
28781503
28787210
28787791
28791598
28796591
28799677
28800420
28804607
28806388
28807904
28814260
28814313
28815789
28816216
28817294
28817853
2882700
28828950
28829626
28832211
28834479
28835456
28838259
28840839
28842930
28844013
28846769
28852238
28853044
28860712
28860851
28862903
28863059
28866369
28868303
28869859
28877015
28877016
28877414
28880502
28880503
2888499
28885300
28885516
2888662
28893589
28893820
28894357
28895776
28901836
28905717
28905733
28912734
28913486
28914663
2891490
28917206
28918668
28919445
28919771
28920534
28921062
28921297
28921347
28929198
2893012
28930773
28935057
28935058
2893560
28938502
2894287
2894288
2894289
28944090
28948894
28957756
28961489
28962922
2896478
28965857
28966276
28967123
28968188
28968623
28972704
28973618
2898220
2901137
29016376
29019444
29020387
29025085
29032916
29034323
29035705
29036723
2903821
29040331
29043488
29045307
29046888
29047196
29048415
29049122
29049278
29049469
29051703
29052805
29054032
29056859
29064208
29064938
29065377
29067173
29068826
2907043
29073311
2907529
2908210
29083570
29084357
29085086
29096016
29096292
29096661
29102550
29103795
29105430
29105663
29105752
29112519
29112997
29121034
29121294
29127135
29127441
29129197
29136228
29140822
29141650
29141653
29143398
29143399
29143483
29145698
29148881
29150198
29155916
29155919
29158248
29161171
29166664
29176511
29180970
29182394
29183228
29186455
29190156
29190831
29191755
29195592
29195596
29197801
29199807
29200050
29200242
29200340
29200566
29207250
29207902
29209864
29210063
29216892
29217859
29220615
29220642
29223912
29226017
29227577
29231163
29232630
29234968
29239621
29239947
29241093
29241428
29245103
29247974
29256372
29257919
29260692
29268702
29272165
2927249
29274731
29275046
29281497
29282239
29282768
29284807
29284833
29284844
29284855
29287158
2928760
29291766
29295165
29298006
29302220
29302227
29302767
29302989
29309700
29311182
29316800
29320074
29320104
29320133
29320915
29322074
29324253
29325708
29330156
29333880
29333954
29340663
29346142
29349988
29352329
29356208
2935653
29356671
29357325
29359974
29367086
29369763
29372750
29373310
29378623
29386814
29389213
29394163
29396985
29400929
29403821
29413437
29415846
29415847
29415856
29420414
29426304
29432086
29432333
29433352
29433361
29436015
29443414
29443676
29447177
29450210
29450233
29452378
29453006
29453925
2954811
2971143
2972228
2982388
2986929
2986930
2987740
2989495
2997571
2998723
2998812
3007830
3009783
3012081
3013044
3013652
3017495
3024754
3030969
3033213
3042275
3042551
3048768
3049055
3054197
3065859
3069539
3071176
30820
3090442
3101099
3101386
3108556
3113290
3115138
3123005
3125937
3128807
3137594
3141817
3145473
3149157
31641
3172701
3174743
3175177
3176837
3183952
3186272
3199502
321103
3211364
3219638
3220837
3223639
3225903
3226762
3227044
3227140
3230625
3232162
3238136
3244434
3253717
3254984
3254985
3265643
3275523
3276999
3284406
3286657
3297075
3302226
3302336
3302764
3307727
3310672
3318896
3324612
3337794
334206
334210
3344976
3345281
3354808
3359074
3362932
3364665
3365064
3367501
337748
3377946
338392
3386393
3398223
3398224
3402520
3416736
3417462
34176
3423807
3427266
3430702
3440438
3448515
3448533
3452785
3452786
3456123
3463186
3469768
3488520
3510458
3511410
3511767
3517611
352372
3523826
3526421
3538987
3540873
3542107
3544649
3544957
3556374
3559988
3560424
3563770
3566119
3587575
3592172
3592200
3594070
3599403
3613060
3614688
3614690
3614694
3614964
3616138
3627486
3642887
3651280
3658206
3658208
3659500
3678038
3682166
3682167
3682172
3683616
3685559
3691607
3696750
3699566
3709213
3721055
3723808
3729434
3731735
3739870
3746670
3747119
3747120
3747263
3748422
3748427
3753938
3766147
3767253
3774170
3780289
3783912
378645
3796851
380616
380616 
380617
3806399
3822492
3823544
3829309
383195
3834116
3836380
3838755
3841800
3855518
3864560
3877884
3888575
3888576
3888577
3890312
3890604
3895692
3907065
3908076
391321
3925805
3929312
3937443
3938971
3946773
3954137
3958098
3959968
3964516
3976330
3978009
3985394
3990166
4006747
4009506
4011002
4013631
4019659
4020627
4021074
4022409
4024663
4025755
4039649
4041319
4045722
4051160
4057080
4061002
4066392
4077942
4079443
4079880
4080772
4087342
4090237
4092611
409448
409449
4095879
414464
4155750
421114
4211992
421663
444978
453488
458815
4597802
465291
465292
466334
474948
483080
484814
4851667
497691
509142
510395
525837
526414
547656
547663
552286
572694
583326
6094812
6096836
6099486
6099494
6106780
6107472
6107711
6115924
6122613
6123474
6123475
6126640
6126811
6130814
6135366
6136392
6139041
6141486
6141626
6142942
6145770
6146703
6146743
6148697
6149907
6151332
6152192
6152317
6174908
6181259
6181414
6181598
6182077
6188822
6192515
6197797
6206224
6207431
6220729
6232405
6236024
6252996
6262095
6262686
6262856
6270490
6271322
6276633
6281389
6282596
6283067
6288917
6292982
6294424
6298527
6298835
6304556
6308210
6308456
6319664
6319861
6328350
6336941
6342461
6349411
6352139
6356971
6358046
6364520
6370028
6371287
6375465
6381692
6381783
6385337
6392598
6393818
6402201
6402239
6403440
6408664
6410250
6410281
6415457
6415458
6415992
6420684
6422790
6426616
6428606
6430310
6434956
6456287
6472645
6474320
6476299
6476361
6481272
6491561
6502551
6507832
6514833
6521876
6529632
6532961
6535075
6536870
6536878
6542445
6547177
6578447
6584767
6614418
6614422
6620548
6645791
6651208
6657731
666936
6683540
6687818
6688
6689268
6694639
6700503
6700515
6703273
6703303
6707893
6707916
6710826
6711781
6711782
6711799
6727551
6729155
6730739
6730874
6734042
6755847
6758261
6760767
6762690
6768078
6783946
6785803
6791015
6794327
6802019
6802995
6805715
6811910
6811921
6811932
6818864
6818866
6829887
6836002
6842402
6846782
6850163
6861632
6866170
6866541
6869711
6875844
6896119
694147
6950300
6952112
6981044
6984472
698486
6990950
7004250
7018155
7034583
7039643
7041936
7047580
7055528
7057390
7066127
7066139
7066145
7066147
7066163
7082534
7084303
7084817
7087166
7087167
7120124
7124308
7126409
7127370
7131749
7140531
7150869
7155049
7158741
7162654
7184401
7194242
7198266
7202515
7218511
7220432
7224117
722743
7229117
7232665
7250147
7258587
7263931
7277680
728741
7293215
7304894
7306425
7312818
7319134
7322008
7324833
7325347
7328727
7328728
7328729
7328730
7328731
7332090
7336517
7339167
7352279
7360334
7371972
7377558
7396100
740629
7407029
7435902
7437209
7438685
7439255
744302
7445209
7457947
7457948
7473148
7474312
747691
7489418
7489472
7504098
7514974
7519977
7525167
7525929
7528480
7537316
7542336
7550184
7562845
7564037
7564887
7565488
7571027
7572013
7578651
7583900
7602287
7603447
7605040
7609291
7620721
7623388
7637176
7663317
7675960
7677393
7686230
7690200
7695154
7699809
7701033
7701039
7701040
7707683
7714228
7721245
7723747
7726400
7734458
7739107
7740067
7746511
7750360
7752076
7752087
7761010
7761011
7766771
7776510
7776511
7780813
7784101
7785941
7790946
7791107
7802241
7802265
7802310
7802313
7802314
7802320
7802321
7815029
7815697
7815715
7816882
7830376
7830378
7832179
7840403
7848799
7851278
7851281
7853163
7853176
7855222
7860555
7861593
7861603
7861609
7862888
7869827
7880005
7880007
7880009
7880017
7880019
7880021
7880026
7880027
7880028
7880032
7880034
7880040
7880042
7884840
7886070
7888292
7893194
7903391
7910424
7916913
7931856
7933485
7933486
7933504
7938128
7941951
7949039
7955341
7965818
7966548
7967042
7968322
7992934
7995313
8010359
8010459
8014847
8014851
801582
801583
8020299
8021804
8023029
8081187
8082697
8087638
8091633
8091634
8099508
8105060
8106060
8111608
8111612
8115870
8135665
8138651
8138931
8146232
8149883
8151000
8154793
8159633
8164503
8166343
8169777
8170620
8172406
8173501
8181201
8185067
8185068
8189621
8197580
8201637
8205770
8208774
8211445
8214197
8217067
8226821
8229759
8229955
8230700
8230722
8232789
8234143
8238835
8246162
8250363
8250364
8251871
8254866
8254870
8254871
8257551
8260302
8267120
8271108
8273766
8277712
8277729
8278436
8280345
8280545
828466
8289903
8298074
8301822
8301823
8301836
8301837
8302451
8307755
8309062
8309223
8314940
8315799
8317029
8319750
8320813
8322143
8322564
8322565
8324467
8329254
8330599
8330600
8330602
8348877
8350470
8350797
8351337
8356856
8366559
8370341
8372257
8373940
8380866
8381011
8381654
8393519
8394176
8394915
8411615
8431046
8437105
8442513
8453740
8456048
8462413
8463453
8468778
8474672
8478703
8480833
8491067
8501457
8507257
8515162
8515541
8515850
8523655
8526956
8533910
8539325
8541358
8542854
8555282
8556409
8562715
8565000
8584493
8587920
8590491
8598706
8613955
8614238
8624183
8632309
8641317
8646980
8657455
8660226
8667193
8672615
8689806
869156
8694322
8699542
8704003
8704079
8708492
8712329
8721127
8721470
8723890
8725596
8729309
8732618
8735515
8737553
8737562
8746920
8746921
8746929
8749726
8750730
8752776
8765547
8768738
8775832
8775841
8776538
8780276
8780832
8780998
8782244
8790540
8792868
8792890
8806713
8809866
8814462
8819498
8820424
8826540
8829938
8831319
8832308
8834420
8835660
8850319
8851375
8865712
8874907
8880825
8886295
8888002
8889672
8889674
8894035
8896694
8899844
8911590
8930154
8937031
8949735
8951507
8953876
8961492
8968334
8968655
8970542
8974441
8975562
8975563
8975564
8975577
8981591
8982695
8984864
8988582
8989008
8995364
9009940
9016350
9023451
9029056
9030411
9030785
9033830
9048270
9055963
9061101
9062866
9083835
9085402
9103526
9106906
9110879
9114907
9122864
9134072
9135317
9143865
9146820
9151189
9151365
9167372
9167373
9167469
9172009
9172024
9174982
9175012
9179503
9179510
9180346
9180349
9185310
9185312
9185468
9187385
9190320
9190324
9196499
9220042
9223884
9232143
9241634
9246550
9259005
9262317
9262330
9262337
9262340
9280368
9283506
9293303
9300589
9301399
9311393
9311407
9313020
9313271
9316825
9323518
9331984
9337499
9349066
9350703
9353374
9360954
9361893
9365490
9372537
9372538
9376465
9377992
9379748
9384844
9390114
9394029
9399970
9404175
9404358
9415708
9422382
9435189
9439446
9449020
945347
9453840
9457145
9466023
9480189
9489309
9492389
9492501
9501765
9513631
9513799
9517881
9520235
9527743
9535310
9537678
9547204
9548895
9553234
9565774
9566806
9570602
9580040
9580582
9583767
9587719
9587803
9587897
9589267
9594519
9598748
9602605
9613100
9613546
9616184
9618423
9633038
9634647
9643170
9650855
9652044
9652105
9658424
9676185
9677793
9684386
9684388
9684393
9691590
9692271
9698298
9698952
9700759
9703213
9706950
9718479
9727815
9728833
9741185
974396
9762758
9767199
9767200
9767201
9767202
9767203
9767204
9767205
9767947
9773109
9777603
9781463
9788517
9804882
9806004
9807754
9810184
9819514
9828707
9833011
9834591
9839033
9839818
9844540
9847004
9848110
9852372
9862398
9862399
9862403
9866242
9893702
9923893
9926189
9926544
9926562
9952063
9952101
9972766
9990177
9990217
