pmid
831502
1334156
1697056
2484297
3397865
3583214
6760767
7714228
7714228
7734458
8164503
8181201
8373940
8555282
8624183
8704003
9107051
9283506
9337499
9467800
9794682
10109801
10359226
10615719
10735542
10842426
10867295
10868247
10910854
11015800
11027904
11166974
11224254
11354213
11376918
11464356
11773815
11847954
11915063
12170039
12357165
12411815
12467992
12649385
12731680
12924748
14551424
14570643
15354916
15450644
15450648
15495080
15516351
15577542
15603008
15734226
15781540
15812611
15943939
15957687
16010170
16154698
16229972
16249678
16298066
16368840
16445556
16457716
16508405
16595350
16769444
16918095
16939945
17055063
17065895
17079636
17372805
17509814
18283247
18425880
18585645
18694901
18774509
18794671
18794671
18804923
19047522
19089500
19089508
19192240
19266708
19309185
19401688
19403243
19461836
19625142
19631928
19823204
19874163
19918165
19925973
20009936
20014912
20180664
20180667
20307795
20407975
20407980
20473351
20682186
20716304
20797916
20842024
20842024
20868741
20887580
20925688
20940383
21042200
21054613
21142534
21145035
21170143
21330586
21519308
21535372
21538146
21676892
21697669
21768936
21861411
21889122
21956078
21956081
22005659
22227421
22227428
22323375
22379567
22430023
22512363
22525903
22546608
22581379
22634908
22651957
22680789
22707880
22798528
22829027
22983894
23106923
23159699
23398230
23480249
23523131
23530789
23647815
23702611
23727040
23739025
23796584
24120973
24217469
24315147
24320787
24500338
24740719
24985936
25035906
25084802
25178815
25183042
25191915
25330017
25336055
25364994
25392564
25622120
25775440
26158353
26388962
26517324
26720857
27464203
















