 11224254

  8373940
  8624183
  8555282
  8704003

  7734458
 14551424
 22680789
 16457716
 19401688
 20842024
 22323375
 25178815
 16298066
 25191915
 18794671
  7714228
 25084802
 19047522
 22651957

 10109801
  8181201
  3397865
 10868247

 19089508
  9107051
 19823204
 19192240
 18585645
 17509814
 12649385
 18794671
  7714228
  6760767
  2484297
  1697056
 16918095
 20842024
 23796584
 15577542
 15495080
 15812611
 11847954
 16010170
 16939945
 16769444
 20940383
 19403243
 24320787
 16154698
  9794682
 20797916

 24315147
 26388962

 24217469

 19461836
 22983894
 16508405
 12467992
 11027904
 11376918
 11166974
 23398230
 16229972
 20473351
 25392564
 22546608
 25622120
 23106923
 21535372
 10615719
 21142534
 19266708
 21170143
 23702611
 17372805
 25330017
 18804923
 15450648
 20014912
 19631928
 21145035
 16445556
 21538146
 18425880
 20682186
 25364994
 23739025
 15943939
 23523131
 21768936
 19089500
 15603008
 19309185
 19625142
 20307795
 15450644
  3583214
 18283247
 25183042
 22707880
 21889122
 22581379
 23159699
 24740719
  1334156
 15734226
   831502
 20887580
 20407980
 22525903
 20180667
 20407975
 19874163
 16595350
 17055063
 20180664
 20716304
 10359226
 12731680
 10867295
 10735542
 23727040
 22512363
 24120973
 25775440
 21956081
 22430023
 12170039
 15781540
 12357165
 17065895
 14570643
 16249678
 22829027
 11464356
 11915063
 21042200
 21676892
 20009936
 22379567
 16368840
 10910854
 15354916
 15516351
 22227421
 22227428
 21519308
 22005659
 11773815
 22634908
 22798528
 21861411
 19925973
 21956078
 17079636
 12411815
 18774509
 21697669
 20925688
 18694901
 23480249
 20868741
 11015800
 21330586
 21054613
 27464203
 26517324
 15957687
 24500338
 23647815
 24985936
 19918165
 23530789
 11354213
 25336055
 10842426
 26158353
 25035906
 12924748
 26720857
