29453925
29453006
29452378
29450233
29450210
29447177
29443676
29443414
29436015
29433361
29433352
29432333
29432086
29426304
29420414
29415856
29415847
29415846
29413437
29400929
29396985
29394163
29389213
29386814
29378623
29373310
29372750
29369763
29367086
29359974
29357325
29356671
29356208
29352329
29349988
29346142
29340663
29333954
29333880
29330156
29325708
29324253
29322074
29320915
29320133
29320104
29320074
29316800
29311182
29309700
29302989
29302767
29302227
29302220
29298006
29295165
29291766
29287158
29284855
29284844
29284833
29284807
29282768
29282239
29281497
29275046
29274731
29272165
29268702
29260692
29257919
29256372
29247974
29245103
29241428
29241093
29239947
29239621
29234968
29232630
29231163
29227577
29226017
29223912
29220642
29220615
29217859
29216892
29210063
29209864
29207902
29207250
29200242
29200566
29200340
29200050
29199807
29197801
29195596
29195592
29191755
29190831
29190156
29186455
29183228
29182394
29180970
29176511
29166664
29161171
29158248
29155919
29155916
29150198
29148881
29145698
29143483
29143399
29143398
29141653
29141650
29140822
29136228
29129197
29127441
29127135
29121294
29121034
29112997
29112519
29105752
29105663
29103795
29102550
29096661
29096292
29096016
29085086
29083570
29084357
29073311
29068826
29065377
29064938
29064208
29056859
29054032
29052805
29051703
29049469
29049278
29049122
29048415
29047196
29046888
29045307
29043488
29040331
29036723
29035705
29032916
29025085
29020387
29019444
29016376
28973618
28972704
28968623
28968188
28967123
28966276
28965857
28962922
28961489
28957756
28948894
28944090
28938502
28935058
28935057
28930773
28929198
28920534
28919771
28919445
28918668
28917206
28914663
28913486
28912734
28905733
28905717
28901836
28895776
28894357
28893820
28893589
28885516
28885300
28880503
28880502
28877414
28877016
28877015
28869859
28868303
28866369
28863059
28862903
28860851
28860712
28853044
28852238
28846769
28844013
28842930
28840839
28838259
28835456
28834479
28832211
28829626
28828950
28817294
28816216
28815789
28814313
28814260
28807904
28806388
28804607
28800420
28799677
28796591
28791598
28787791
28787210
28781503
28780906
28778219
28767537
28763315
28759482
28755768
28747189
28745394
28742624
28735039
28733101
28733097
28730328
28727399
28727661
28724496
28724492
28724151
28723302
28723256
28722879
28722116
28718693
28715848
28701461
28701435
28700791
28699096
28698151
28697916
28694273
28694272
28694265
28694264
28694263
28691273
28688108
28683783
28683421
28683172
28682892
28681613
28679499
28673522
28673521
28669739
28663625
28661714
28655025
28655009
28647677
28645134
28644085
28642642
28641929
28635181
28631527
28628853
28628701
28627790
28626834
28612362
28611509
28609749
28605278
28604141
28603825
28593737
28591852
28590045
28587620
28586444
28579823
28579821
28578864
28572711
28571505
28569590
28561914
28556303
28554602
28554599
28554597
28553701
28549161
28548551
28546740
28543191
28543168
28541440
28536981
28536980
28530896
28530682
28529359
28529215
28526967
28526486
28525291
28519244
28514299
28511196
28510996
28505488
28502792
28499432
28496466
28492461
28492060
28489467
28488266
28488155
28483102
28481727
28480247
28479900
28474452
28473157
28472543
28468518
28468077
28466581
28457152
28454045
28447766
28447431
28446438
28446428
28445495
28442370
28441273
28426507
28426332
28418123
28416162
28411002
28410339
28406856
28405035
28401523
28399084
28398192
28394849
28394437
28393895
28393548
28392713
28379862
28378462
28376505
28371689
28363321
28363320
28361126
28353467
28350229
28348732
28347772
28345206
28343650
28343557
28341722
28340233
28337574
28327378
28324627
28322465
28320869
28315808
28315645
28315644
28304248
28301697
28296674
28296603
28296579
28296524
28292795
28292505
28290640
28276662
28275350
28273017
28268215
28267949
28267934
28267837
28263937
28263465
28263457
28258833
28258807
28252898
28252511
28245872
28243878
28242537
28242230
28241764
28240955
28237362
28237052
28235462
28235415
28220474
28217658
28214183
28210917
28210713
28209683
28207646
28203387
28201761
28194688
28192911
28191917
28188773
28188737
28188310
28187838
28184294
28182123
28179743
28171798
28168791
28164407
28163027
28162850
28161143
28135387
28133635
28133451
28132703
28132702
28132694
28131519
28130543
28130265
28121168
28118835
28111265
28107680
28107580
28107210
28101968
28097659
28097004
28092469
28087986
28086944
28086837
28086177
28075537
28075535
28072812
28070862
28068780
28063060
28059434
28057953
28051841
28033474
28024988
28017182
28002704
27984521
27978771
27977317
27974484
27958381
27955689
27940188
27935442
27933094
27932682
27931318
27931253
27929709
27929214
27927048
27926949
27925868
27925864
27925249
27922764
27919103
27909193
27909191
27904078
27903034
27901359
27898496
27897918
27896372
27896019
27894615
27886650
27876594
27876117
27865152
27859761
27846264
27844471
27833768
27827989
27826213
27823911
27818236
27806420
27806350
27803387
27802544
27799240
27537841
27788815
27729254
27687743
27665675
27619355
26508767
27746208
27610580
27574837
27781278
27776678
27035058
27771783
27771105
27687214
27770695
27764078
27763996
27756148
27603712
27434505
27746532
27745534
27391853
27740713
27736284
27734745
27726319
27723910
27717535
27715904
27698508
27695638
27692193
27692188
27690553
27690549
27681372
27679504
27673139
27656728
27654688
27654608
27651026
27647616
27647259
27646674
27636696
27629823
27625351
27619934
27617799
27614330
27614084
27606408
27606405
27606401
27593969
27592115
27579248
27576596
27575825
27573851
27573832
27569655
27569459
27564423
27563013
27562968
27562171
27561982
27555206
27550978
27547489
27530823
27524395
27521809
27512740
27510521
27508068
27504930
27504926
27504867
27504383
27499655
27499567
27495167
27488225
27487158
27483415
27473985
27473519
27464203
27463799
27462930
27445237
27442456
27435717
27435442
27434441
27434440
27431049
27431048
27429549
27427456
27427455
27422763
27408341
27404914
27403784
27400463
27390058
27386303
27385847
27378916
27376622
27370527
27366109
27356522
27348169
27343545
27340958
27338968
27317483
27314487
27311495
27304767
27296655
27287965
27287352
27275055
27273759
27273625
27273511
27267785
27260937
27246646
27244045
27239291
27235660
27235654
27235620
27227503
27223837
27223836
27223691
27223595
27217808
27213169
27211996
27211995
27211993
27208711
27203162
27199497
27179822
27177564
27177563
27172230
27163782
27161860
27157143
27140427
27138058
27134975
27131800
27123798
27121539
27114000
27100203
27097276
27093305
27086392
27086374
27083254
27069684
27068849
27056847
27053175
27049548
27049508
27046310
27042734
27042732
27031380
27027833
27027362
27014046
27012435
27009622
27009099
27008037
27007584
27007583
27006272
27003021
26996987
26996928
26991673
26991660
26988423
26987318
26985649
26981104
26979295
26977696
26968469
26962463
26960851
26957696
26957685
26948856
26940870
26940689
26940259
26937061
26933874
26931763
26919594
26918662
26918564
26917621
26914546
26913830
26912816
26908300
26904355
26900669
26899477
26898023
26885536
26879874
26869838
26869294
26869247
26865472
26862026
26861654
26861165
26857811
26849034
26848803
26847447
26836787
26832998
26832931
26831174
26825542
26820154
26820059
26818474
26818083
26817983
26817982
26816973
26814246
26811236
26811185
26810130
26808307
26804898
26804639
26803331
26801398
26800851
26799738
26796596
26795707
26781123
26778604
26777900
26773222
26771870
26767339
26764395
26763789
26763728
26763491
26758991
26757093
26749217
26749158
26747613
26747509
26745033
26741809
26730511
26728642
26723885
26721375
26720742
26719075
29105430
29034323
28817853
28326977
26703873
26702207
26690291
26689067
26689065
26684956
26684923
26682722
26675083
26672650
26672499
26672127
26670868
26669528
26669324
26664083
26664077
26662858
26660175
26660174
26658085
26653090
26650971
26645017
26639678
26639639
26638126
26634956
26632862
26632786
26623697
26620290
26613636
26604854
26604818
26599131
26589431
26587796
26587696
26583450
26581470
26577297
26574020
26572942
26569631
26566771
26566761
26566712
26554176
26550594
26547914
26535971
26529670
26521014
26518253
26517324
26514156
26512202
26511766
26498740
26491960
26486458
26483356
26479400
26479717
26479277
26471874
26469939
26468683
26467975
26467541
26464200
26461073
26459906
26457976
26454835
26452239
26450513
26437312
26432025
26426693
26424066
26421677
26414784
26412801
26412406
26412405
26409751
26409030
26408883
26407542
26406300
26404500
26400835
26398978
26392442
26390769
26384620
26384619
26383752
26383747
26380328
26378136
26377702
26374128
26372412
26358712
26358024
26355598
26355141
26350930
26350582
29067173
26337202
26335003
26331899
26331017
26330716
26322212
26315948
26312963
26312959
26309105
26305657
26305656
26305073
26302337
26298399
26265737
26258203
26258153
26257480
26256469
26247080
26246790
26245281
26241181
26240259
26240258
26234590
26233698
26227254
26224444
26224443
26224441
26223631
26218410
26212632
26212260
26207854
26205326
26190414
26186388
26180219
26179573
26179339
26176490
26172282
26171718
26170596
26168816
26167561
26162395
26160514
26154531
26153065
26142880
26134641
26124175
26113684
26110357
26110221
26107096
26106929
26102240
26098042
26095066
26080038
26079104
26076211
26076048
26075588
26073899
26071501
26068437
26066931
26056209
26053085
26050614
26048638
26048187
26045511
26045460
26045456
26043968
26039379
26035085
26035084
26028686
26025481
26025117
26024998
26020158
26020157
26020156
26020155
26017618
26017246
26013471
26009867
26003659
26001919
25997674
25996041
25989154
25986647
25980599
25974277
25973324
25972091
25967268
25962609
25950595
25950232
25944578
25937593
25935736
25935714
25935159
25934054
25927914
25927042
25923291
25921475
25920103
25919527
25918966
25914912
25913851
25910516
25908321
25907815
25902733
25901713
25901451
25899872
25898137
25889208
25884206
25881164
25878415
25872121
25869219
25868557
25865734
25861916
25858579
25851990
25851505
25848298
25844527
25842589
25841704
25841703
25839406
25838001
25837290
25836317
25834439
25831576
25826743
25826044
25823919
25823907
25823632
25823630
25822268
25821874
25819700
25818110
25818060
25814381
25811238
25808363
25807454
25801127
25800953
25800409
25794231
25786725
25783757
25775099
25774404
25772950
25771691
25769319
25765484
25760046
25757750
25750749
25749509
25749264
25749118
25747921
25747920
25744650
25743750
25742206
25738533
25738320
25738001
25735465
25732991
25723604
25716997
25715074
25709186
25706332
25703440
25702273
25692067
25683352
25683329
25680734
25678441
25678375
25675861
25671806
25667802
25666027
25665273
25664200
25663675
25661018
25660046
25654572
25651434
25650977
25650975
25650386
25649847
25649778
25646891
25645132
25629812
25626451
25624097
25623082
25622776
25622120
25610012
25603822
25601365
25599968
25592332
25592182
25590496
25583888
25572305
25569708
25569005
25564105
25563731
25562730
25562462
25559124
25556392
25555887
25550126
27088135
27087758
25545541
25544740
25543167
25540212
25530903
25526809
25526395
25526229
25524751
25523998
25522892
25522425
25521224
25519865
25518754
25516077
25512031
25510513
25510307
25503883
25503691
25503600
25496247
25490943
25490611
25490610
25488320
25485881
25483740
25481453
25480160
25480096
25479914
25477192
25474108
25465344
25459926
25456326
25456093
25454409
25453747
25449054
25447184
25432908
25431739
25427944
25413371
25409987
25407613
25407020
25406177
25406170
25402596
25394611
25394132
25393311
25392564
25392437
25392436
25392062
25389219
25385094
25384936
25377071
25376754
25376680
25376547
25376545
25373881
25364995
25364994
25364037
25358852
27202827
27201307
25357093
25354916
25354289
25353069
25351887
25348227
25348172
25347412
25347242
25342718
25341411
25339320
25337714
25336782
25336765
25330017
25322681
25321188
25314340
25312475
25309144
25307441
25305714
25305141
25304049
25303611
25302827
25296014
25295868
25295655
25282598
25275875
25272148
25271655
25269566
25267606
26692748
25264415
25262418
25262056
25255072
25255071
25255070
25254670
25254668
25254667
25253272
25251308
25251050
25249444
25243972
25243431
25239738
25239213
25236185
25229835
25228817
25226480
25225137
25221985
25221984
25220043
25218919
25212472
25205666
25202441
25199822
25199095
25198209
25197828
25195682
25194020
25193176
25191915
25189089
25183042
25179217
25178815
25171726
25170740
25170278
25170033
25163931
25163749
25163678
25162980
25162607
25156759
25153315
25150272
25145717
25138998
25137081
25134875
25130230
25130184
25127184
25123823
25117851
25115236
25106089
25092200
25090173
25090043
25084802
27132312
25072677
25070601
25070299
25069011
25065489
25065457
25063147
25062522
25062519
25062111
25061701
25061700
25060839
25060491
25052793
25046332
25041686
25041444
25040021
25024850
25023716
25022635
25015687
25015174
24999060
24998500
24997702
24995716
24990199
24988978
24985936
24984689
24984130
24978013
24975450
24973401
24962326
24959727
24957634
24953563
24953168
24945162
24944070
24944066
24942534
24940223
24933507
24930319
24927504
24925983
24912863
24912424
24907511
24905761
24904419
24904190
24903063
24892477
24889849
24886095
24885218
24880512
24874817
24873999
24870204
24862514
24861887
24860664
24859230
24858136
24855751
24851376
24850608
24849803
24846673
24845968
24845493
24845488
24845165
24841329
24840554
24838111
24835268
24831754
24830319
24825236
24821346
24820999
24820178
24819710
24817056
24817054
24815969
24815321
24813551
24806873
24802159
24793093
24790061
24788959
24787339
24779501
24777492
24769261
24767442
24766667
24765257
24761755
24759572
24756859
24751432
24745064
24741316
24736526
24735085
24735059
24734089
24733007
24726429
24724891
24716256
24715666
24715663
24713865
24706398
24701967
24701498
24695742
24695018
24689806
24684621
24680219
24679456
24677496
24666428
24666315
24662615
24658483
24656054
24655078
24654813
24653644
24652693
24649783
24645799
24644198
24641546
24637034
24630268
24629782
24628996
24628132
24624763
24623988
24619775
24617653
24615308
24613946
24606726
24605959
24602547
24602546
24602363
24600544
24599244
24594902
24594221
24591547
24588297
24582423
24577059
24569357
24568804
24566267
24563815
24560129
24550443
24548802
24536038
24534592
24521036
24516338
24511985
24511440
24509068
24501913
24500948
24500338
24500040
24499640
24484983
24481929
24480962
24468235
24467734
24462581
24461476
24459403
24459402
24458222
24444055
24438778
24438113
24438111
24436573
24431810
24428768
24428135
24411776
24401792
24399765
24399105
24394747
24394496
24392259
24386894
24382761
24382362
24380101
24373184
24372103
26770721
26464927
25841225
24367510
24366859
24365462
24359719
24353217
24353018
24350230
24344738
24340431
24333231
24332511
24330593
24330279
24322311
24321744
24320787
24313243
24313239
24307971
24304349
24290979
24284855
24280659
24274990
24273683
24270319
24268947
24259614
24256307
24256157
24247147
24246120
24245573
24238714
24237901
24236993
24227768
24224475
24222013
24219166
24210532
24210016
24209382
24200104
24189173
24186493
24182727
24174501
24161287
24159913
24159907
24155346
24153411
24152140
24148523
24141894
24139199
24132830
24131626
24131165
24130973
24130046
24129113
24128379
24126707
24126024
24124373
24120973
24118014
24113212
24112096
24099717
24099551
24098748
24095872
24095679
24080973
24080771
24074852
24074190
24053859
24051897
24051747
24051063
24045030
24041213
24041211
24041131
24033782
24025130
24020477
24018232
24014144
24004685
23999378
23997892
23997546
23995832
23993129
23989451
23983988
23983012
23983011
23972754
23972743
23971710
23967714
23965172
23962419
23961726
23956042
23955407
23952897
23951853
23949903
23786504
23939642
23937228
23934003
23932842
23931660
23930470
23923476
23922192
23919595
23918492
23916321
23912473
23910721
23909970
23909865
23905402
23905399
23904546
23900890
29403821
23896305
23895765
23891461
23888429
23886460
23877740
23874860
23872995
23866883
23859702
23859638
23855724
23855719
23855333
23849409
23849373
23847869
23846520
23845658
23844954
23839029
23838758
23837730
23829344
23820366
23814972
23812624
23811060
23803595
23795882
23795874
23783166
23782362
23781656
23775478
23773400
23772177
23770552
23763429
23763406
23762965
23760961
23758404
23758187
23750774
23748879
23745982
23744347
23742694
23740540
23739025
23736517
23734878
23734858
23733899
23731419
23727654
23726980
23723052
23722632
23719588
23718658
23714048
23709320
23709302
23707283
23702611
23697094
23692014
23690105
23688843
23678668
23671409
23669129
23665497
23665439
23664112
23663749
23656339
23652222
23652177
23651992
23648497
23648060
23647815
23641443
23632726
23630985
23626556
23624329
23619392
23617873
23617867
23617861
23617857
23616210
23612625
23612435
23611363
23610028
23609213
23605225
23603932
23599514
23599513
23599011
23594352
23588567
23588566
23585610
23584313
23582417
23577902
23577898
23567099
23566446
23563044
23562407
23562033
23558762
23558760
23554530
23554519
23551991
23550514
23545276
23542298
23541303
23539497
23537174
23531704
23530789
23528523
23524044
23523131
23521205
23518339
23518287
23518130
23516769
23512803
23510229
23507562
23507455
23506252
23489947
23489089
23488511
23481062
23480249
23480248
23475406
23472794
23471956
23456431
23452789
23450863
23440817
23438032
23435626
23434263
23433750
23432078
23423312
23421571
23421567
23420918
23419814
23416790
23416213
23408251
23398458
23391965
23389850
23388678
23388531
23380318
23378096
23376546
23374027
23370795
23364815
23359655
23357637
23357446
23355251
23349342
23344700
23341102
23340537
23338029
23337847
23333292
23332439
23331881
23331880
23331878
23331877
23327175
23320480
23320402
23317685
23294889
23294888
23293233
23293011
23288871
23285502
23281709
23253768
23279924
23279623
27335869
26778896
23270317
23265445
23264319
23264315
23260506
23259516
23257574
23246635
23244551
23244549
23240906
23235296
23233054
23227572
23226534
23222095
23216174
23210630
23207629
23201172
23200931
23187048
23186149
23186008
23164063
23162402
23161599
23161001
23159524
23158326
23153637
23145768
23137766
23135165
23129079
23125072
23121989
23114824
23114823
23111820
23106931
23106930
23106929
23106928
23106927
23106926
23106925
23106924
23106923
23106922
23110274
23103550
23100497
23097561
23092710
23092049
23087138
23086347
23084592
23082538
23079917
23076398
23074230
23073726
23062049
23060530
23059064
23045289
23043810
23041680
23037965
23036249
23034996
23033793
23026548
23021099
24971251
23013781
23013384
23007109
22987980
22999817
22999177
22998333
22991174
22989279
22984649
22983066
22980471
22980449
22978772
22975888
22969145
22968396
22946908
22944610
22941853
22939650
22938914
22933386
22925591
22921476
22915104
22902085
22890187
22884575
22882403
22882402
22882401
22882389
22882166
22876835
22875830
22873189
22873184
22873183
22864399
22862872
22862870
22862869
22862867
22850099
22845057
22845054
22845044
25102147
22841461
22841456
22838110
22835751
22835477
22833702
22833646
22828157
22825602
22813654
22813462
22810057
22809653
22809652
22786462
22786460
22805228
22797321
22795215
22792002
22788217
22776195
22775351
22771144
22768012
22765848
22747731
22747535
24971241
24971239
24654721
24654720
24494140
24250054
22743574
22741944
22739506
22731776
22731882
22726911
22719814
22718901
22710371
22708140
22706617
22704124
22703715
22691393
22690174
22689280
22688601
22680789
22676570
22676569
22662401
22651957
22644357
22642013
22640765
22626893
22626890
22626615
22614967
22614936
22614935
22613171
22589497
22587811
22577788
22577050
22572594
22570562
22565115
22564847
22564314
22561499
22559256
22555085
22540432
22534003
22532618
22526067
22525931
22520768
22517450
22514846
22512363
22505603
22504149
22494234
22486806
22482491
22479887
22479884
22479882
22475985
22475815
22471713
22471668
22470353
22469638
22468667
22468666
22456493
22456302
22452493
22448769
22443154
22432983
22430023
22429858
22429821
22428819
22428721
22427466
22424799
22417836
22409388
22404717
22403414
22396085
22386182
22386175
22385931
22378051
22375882
22370011
22369187
22369095
22368411
22367499
22361364
24645820
24645819
24645818
24645817
22356665
22356664
22356663
22354163
22348921
22346191
22337776
22335489
22334875
22331325
22330867
22330792
22329556
22323375
22301084
22294791
22292518
22285736
22284835
22281215
22280332
22267618
22263716
22263715
22263714
22263712
22263709
22262924
22261004
22256949
22242643
22242248
22238292
22235870
22233471
22230804
22227786
22227428
22227421
22220585
22216993
22215271
22211347
25885508
24654615
24474873
22207722
22198453
22196236
22186079
22175698
22173570
22161378
22158303
22156892
22152997
22148986
22141389
22137646
22137413
22137383
22135922
22123176
22121339
22119647
22115887
22115823
22111858
22109894
22107875
22105061
22104480
22100576
22098111
22093488
22092357
22092298
22091732
22088886
22087721
22086665
22084456
22079577
22065255
22060728
22056203
22047817
22042215
22037640
22036303
24645762
22033233
22030474
22030204
22027906
22026524
22026523
22026451
22026126
22024000
22020456
22014257
22011128
22010420
22004671
22002899
22001981
22000601
21995512
21992470
21988814
21987030
21970858
21970125
21969026
21967467
21962726
21956617
21956081
21955033
23960766
21951213
21948099
21945130
21940134
21937837
21936751
21929827
21927835
21924552
21919976
21912330
21905968
21905618
21901695
21888441
21886430
21885310
21883606
21881461
21869765
21868170
21867403
21866885
21863064
21862241
21861411
21860340
21858959
21857500
21857233
21856474
21854644
21854290
21854273
21853690
21852093
21851203
21849979
21845796
21844838
21844833
21839210
21838973
21838850
21838837
21834754
21834699
21833948
21831565
21831060
21824659
21823171
21821560
21821379
21817918
21808159
21807566
21800442
21792563
21761950
21786326
21782352
21781635
21772682
21769043
21769042
21769038
21769026
21765198
21749526
21744558
21743375
21742445
21741781
21741031
21731186
21724673
21721023
21718192
21717253
21710759
21710757
21708859
21708857
21708854
21708853
21702102
21696438
21696355
21671107
21668086
21664789
21645198
21640969
21635191
21630508
21619723
21614796
21608376
21600706
21599628
21598463
21597537
21596492
21591321
21576406
21569624
21569440
21568361
21565452
21564282
21562445
21561035
21545561
21545559
21545554
21533716
21538146
21536702
21535372
21534129
21529238
21528924
21519308
21515090
21515002
21502936
21501542
21501371
21498267
21495679
21493447
21491383
21486104
21482052
21480827
21480679
21480011
21477658
21477061
21466501
21463165
21461193
21459544
21456888
21453146
21450498
23446143
21444858
21439217
21439214
21439213
21439212
21439211
21438938
21438849
21434652
21434580
21434494
21419010
21411146
21403039
21402963
21397143
21395892
21392040
21383220
21377275
21375137
21366875
21356580
21356421
21355939
21355929
21354729
21353749
21351457
21317602
21317601
21317600
21317599
21317597
21317596
21317595
21317594
21317593
21317592
21317590
21317589
21351313
21350889
21317598
21317591
21317588
21338514
21332315
21328250
21328090
21325999
21322902
21320007
21312147
21310583
21309952
21306845
21303242
21301858
21299671
21281215
21277704
21270789
21269813
21266627
21247284
21246299
21245178
21245177
21239911
21235617
21232882
21219701
21215785
21214706
21205451
21199314
25757712
24474859
24474855
23393513
22879745
21189885
21186976
21186929
21182491
21181418
21180410
21177476
21175445
21170166
21170143
21169793
22530273
21163592
21155682
21154653
21153585
21145700
21142534
21138531
21135593
21134724
21126674
21125263
21122129
21118011
21114985
21112758
21112167
21112161
21105573
21091589
21074741
21074740
21074699
21073831
21064010
21045600
21045597
21057940
21053756
21051498
21050175
21047302
21047194
21042200
21036495
20980992
20978062
20975316
20970267
20965297
20960411
20959867
20958853
20956077
20955107
20952727
20950455
20940391
20940383
20940093
20940013
20925688
20924888
20924881
20921918
20919996
20888988
20885865
20881947
26526770
20877747
20868741
20864426
20670047
20450244
20450243
20450242
20450241
20450240
20858364
20858363
20855420
20855077
20845653
20840169
20837556
20829393
20828070
20819387
20819050
20817384
23051577
20803788
20803785
20803321
20797732
20728384
20728299
20727704
20712608
20709341
20702761
20702049
20699077
20694125
20692778
20689114
20687073
20685494
20682186
20678551
20672450
20666206
20658895
20652688
20650513
20648912
20642509
20642248
20640538
20639555
20636568
20632700
20626723
20626379
20626377
20617307
20616266
20607647
20605006
20598836
20598829
20595401
20590378
20584850
20584799
20577717
20577660
20554411
20551400
20545875
20541900
20538178
20537815
20536336
20534436
20532839
20529288
20525028
20521592
20513828
20512898
20509084
20492579
20483578
20482340
20478668
20478242
20476679
20473351
20472417
20467277
20458550
20456294
20447786
20447231
20444630
20434868
20421512
20420250
20415289
20407980
20407978
20403021
20397939
20393347
20391820
20390701
20390697
20390696
20379336
20369247
20363983
20362408
20346350
20336435
20336404
20307799
20307796
20307795
20307793
20305886
20305310
20304726
20303699
20303678
20302238
20237808
20235445
20233020
20232057
20230567
20230561
20230555
20226512
20225509
20216119
20213205
20211913
20210727
20206560
20198904
20189638
20189341
20187600
20180662
20178309
20177974
20177760
20169438
20164524
20164504
20163395
20160444
20158293
20157043
20155596
20155591
20151129
20150662
20146550
20145406
20142307
20141452
20140302
20132125
20132124
20132123
20132122
20132121
20132120
20132119
20132118
20132117
20132116
20130408
20122691
20116457
20111869
20106601
20099319
20095910
20094116
20081440
20081245
20080369
20078490
20078480
20077594
20074867
20073406
20061095
20056555
20053487
20051159
20045358
20043989
20041843
24494096
22448305
21932759
21932755
21932753
21819795
21819788
20034328
20033362
20029845
20025454
20025451
20017817
20014914
20010421
20006453
20004317
19948382
19945361
19935937
19931991
19930026
19926405
19926374
19926271
19925973
19923837
19922884
19922570
19921510
19921357
19920716
19920420
19918165
19904716
19898579
19888882
19887803
19887017
19882460
19882396
19874646
19874152
19858164
19843785
19841060
19836984
19820405
19820227
19819313
19808129
19807275
19806910
19804707
19801566
19801178
19800758
19800681
26525109
19785976
19774212
19773542
19769668
19767156
19754919
19754915
19752455
19751825
19739698
19726139
19717249
19713488
19709054
19708849
19699606
19697569
19695424
19695374
19695373
19695372
19695371
19695365
19684909
19666890
19666363
19664407
19662927
19662922
19653810
19653788
19650155
19646283
19645647
19625142
19624330
19618840
19608355
19602218
19601871
19597874
19595641
19593120
19591929
19591810
19591064
19588330
19577406
19575703
19574017
19563562
19553061
19549053
19548872
19544152
19540407
19540049
19538000
19536784
19522261
19519662
19514947
19502025
19500085
19494155
19492216
19480466
19476717
19469753
19469751
19466922
19464125
19462305
19462298
19461836
19453959
19452363
19448245
19444740
19443999
19443138
19435402
19428542
19426291
19422676
19422392
19421664
19420948
19420947
19413789
19413461
19409968
19406914
19406593
19403853
19403852
19403243
19402772
19396968
19395770
19394789
19393843
19393841
19392907
19391289
19383935
19383214
19383210
19378450
19374740
19370679
19370651
19370547
19368419
19360539
19346946
19345298
19344759
19344049
19340675
19335661
19332991
19328024
19325013
19322003
19305793
19305006
19301934
19296223
19295055
19285495
19283574
19283573
19282469
19281102
19269730
19254157
19247639
19243636
19238786
19236356
19233749
19232849
19229225
19224082
19219093
19215987
19212931
19209537
19207433
19200263
19200262
19199166
19197597
19197596
19197589
19196468
19192863
19192765
19192068
19189163
19182485
20401336
19172850
19168053
19156956
19151804
19151800
19149822
19136395
19122930
19121161
19116954
19116297
25759139
25757520
24916946
21696648
21197300
20301952
19112993
19110701
19104845
19101743
19095476
19089508
19089500
19084658
19084359
19081679
19076888
19069302
19066981
19059045
19058904
19040199
19035061
19034736
19031975
19028746
19026993
19025217
19021929
19019662
19019049
19016164
19011441
19007513
19007507
19004598
19004597
18999012
18997874
18989445
18987062
18984896
18984887
18982913
18977159
24410602
22462186
18956529
18956527
18951215
18938116
18935776
18930603
18928077
18926274
18922673
18849809
18843675
18840620
18837640
18837637
18832476
18831352
18824311
18819759
18807743
18805662
18805656
18804923
18802942
18801404
18794671
18783498
18778390
18775604
18774623
18774063
18770082
18766156
18758763
21768987
21768985
21768984
18724572
18720267
18715744
18715741
18713521
18712130
18708654
18703559
18702446
18701886
18701828
18694901
18691917
18688120
18686025
18685388
18684226
18678689
18672960
18668369
18662364
18646118
18636999
18634857
18631219
18627229
18612883
18608275
18604769
18604522
18598301
18597246
18596376
18594026
18592319
18548365
18589179
18586174
18586157
18584580
18584576
18584566
18584401
18584400
18584389
18583918
18583914
18582309
18577225
18574363
18570665
18567959
18567516
18563859
18559110
18557164
18555130
18554353
18552730
18552729
18552728
18552727
18544222
18544218
18518651
21768979
18503626
18489017
18482930
18479840
18474065
18467137
18463995
18462262
18458279
18456292
18451197
18444447
18443666
18438689
18435875
18435873
18425946
18425880
18423901
18422827
18416765
18411010
18409661
18409073
18401319
18395841
18393054
18392754
18389996
18382224
18381654
18381506
18381489
19727311
18371868
18370500
18367894
18363493
18363014
18360586
18359216
18355989
18355923
18354714
18351305
18349865
18348767
18348722
18337025
18332624
18331121
18331120
18327673
18324390
18320545
18316438
18316282
18315472
18307505
21768973
18305456
18299778
18295435
18294936
18294814
18293793
18290581
18288906
18286804
18286802
18285510
18283247
18282250
18282249
18264882
18260044
18254979
18254211
18248941
18239755
18236140
18226517
18221622
18221165
18216800
18215395
18212797
18211626
18210992
18209513
18207334
18205978
18202730
18193922
18190664
18185883
18175574
18175516
18173815
18164193
18164145
24410515
20020853
19920984
19469098
18162330
18160193
18155364
18093096
18088293
18087846
18087797
18085322
18084371
18083312
18078103
18071169
18059322
18058396
18054083
21768962
21768961
21768959
18044957
18042474
18034381
18032235
18032012
18031426
18018814
18018812
18018803
18008179
17994482
17994223
17988455
17986490
17983559
17974942
17971165
17966605
17965635
17961313
17959980
17957979
17952158
17908825
17909275
17936008
17935587
17933594
17933486
17925988
17922561
17921260
17919544
17919542
17915812
17915074
17914664
17913395
17900853
17898660
17896524
17891657
17891656
17891655
17889498
17882607
17876257
17874319
17854341
17851243
17851242
17851088
17850768
17850228
17844723
17827420
17823672
17805212
17784896
17763831
21768947
17725888
17725885
17718810
17707737
17702750
17695670
17689382
17689374
17689356
17688390
17685876
17683593
17682629
17681716
17680182
17664052
17651725
17646070
17643869
17640461
17638583
17636553
17629666
17625665
17625483
17625449
17624687
17619934
17615060
17613961
17605603
17601735
27393493
17598095
17596905
17594994
17594993
17594992
17588494
17588493
17581533
17570908
17568402
17565668
17564877
17564876
17559481
17558032
17557657
17555645
17545747
17543828
17542385
17541066
17538746
17536617
21768942
21768940
21768938
21768937
21768936
17531960
17517480
17512157
17506153
17499959
17493771
17490635
17490468
17490466
17488881
17487949
17487946
17481458
17481455
17478058
17475739
17475725
17475184
17472657
17472518
17468320
17465641
17458351
17456611
17455115
17454012
17448411
17446599
17442473
17439863
17436107
17430618
17418990
17414244
17408309
17405584
17400414
17391891
17389539
17386981
17382406
17379119
17375011
17373571
17373566
17373044
17372805
17367825
17367258
17367094
17365275
17364849
17364848
17364836
17364631
17364425
17364281
17363018
17356993
17356982
17354146
17351659
17346785
17344330
17343432
17335723
17334674
17331012
20805904
17319259
17315420
17315409
17313907
17306730
17306729
17306728
17306725
17298658
17291715
17287036
17286641
17285405
17284966
17283225
17279218
17276008
17270059
17268583
17266536
17265131
17245325
17244875
17240086
17228335
17220427
17211652
17210080
17210079
17206238
17201870
20805922
19454085
17185999
17184061
17179191
17163802
17160765
17158196
17147106
17145457
17141582
17141138
17139391
17135179
17135176
17131133
17129610
17127381
17118343
17114381
17112927
17111839
17110826
17109312
17109311
17109310
17109309
17109308
17109307
17109306
17109305
17109304
17109303
17109302
17107609
17106658
17089985
17089480
17088229
17084876
17084756
17083612
17083610
17083457
17078595
17076790
17075657
17075655
17073131
17073128
17062541
17062539
17057558
17055191
17054160
17052031
17050900
17046338
17042728
17037004
17037003
17036999
17018206
17017836
17015570
17014315
17013637
17012944
17001553
17000060
16983521
16982291
16981980
16966198
16964809
16958555
16956874
16953647
16952820
16950210
16948588
16945367
16944410
16939945
16939934
16930865
16930862
16928267
16923675
16923672
16919747
16911735
16908306
16904173
16902770
16902730
16902726
16902725
16902719
16902718
16901645
16898102
16893317
16890339
16884182
16879940
16877185
20528513
16870915
16869033
16860176
16859549
16859402
16856549
16855177
16854666
16850600
16849346
16842385
16827252
16823990
16816046
16814937
16814005
16809994
16806444
16803661
16802166
16792154
16789982
16785455
16785214
16783071
16781931
16772537
16769444
16768899
16764218
16764217
16764216
16764215
16756418
16753646
16740084
16732095
16721696
16720083
16719249
16719242
16716852
16716851
16715645
16702892
16700149
16700146
16673195
16669899
16652030
16650985
16643251
16642964
16641169
16639978
16632824
16628138
16627307
16627306
16627305
16627301
16625553
16620543
16616994
16616162
16614601
16612846
16612211
16610415
16610414
16604748
16597570
16595358
16595322
16583408
16580783
16574034
16573839
16572262
16569757
16569721
16565573
16565164
16564141
16554136
16550495
16548940
16547090
16546629
16544426
16544403
16541404
16536900
16536895
16533497
16529806
16524668
16524662
16515317
16514314
16507617
16502886
16499515
16493560
16493349
16493098
16493097
16493096
16493095
16492659
16491894
16490679
16490191
16475644
16468244
16465725
16464448
16462057
16457716
16456085
16455059
16454625
16452993
16450639
16450597
16449094
16449087
16447120
16445556
16443205
16436499
16434562
16432270
16426877
16426168
16418412
16415903
16413702
16413146
16404807
16401652
16393744
16391920
16381669
16379630
16367987
16366759
16365961
16356333
16343811
16343809
16339224
16325800
16324802
16318959
16316789
21124750
16311183
16309810
16309376
16307630
16298835
16294560
16289615
16288738
16284682
16283207
16277629
16269137
16265622
16257138
16251822
16251550
16230961
16225076
16224834
16207308
16203962
16203961
16202959
16202525
19807585
16191669
16191668
16191667
16189332
16186090
16186080
16186079
16172091
16169027
16168181
16165125
16160628
16159743
16158910
16154698
16154481
16148422
16144974
16144748
16139189
16139186
16135338
16135206
16128730
16128729
16118388
16118380
16118361
16111445
16107991
16105995
16102374
16097397
16096130
16089178
16087826
16083966
16083522
16082056
16080016
16076316
16055764
16055196
16051647
16044413
16044112
16042639
16042623
16036196
16032446
16026126
16026125
16026124
16026122
16025322
16023087
16019973
16012418
16010532
16008057
16004754
15996882
15992395
15985907
15982997
15977920
15975529
15975254
15973913
15972245
15971645
15970068
15966752
15965665
15957687
15957155
15946731
15943959
15943950
15943948
15943939
15938664
15935707
15925962
15925266
15922818
15921868
15917146
15912848
15910654
15908859
15902999
15897523
15896581
15893162
15882780
15882404
15875343
15868999
15857725
15852623
15850443
15846662
15843500
15834736
15833777
15832591
15820914
15813021
15811486
15810464
15810140
15808047
15806585
15806416
15804873
15799254
15798781
15789818
15784521
15784064
15781180
15778888
15769555
15766208
15764468
15745203
15744636
15743975
15741914
15738616
15734164
15730815
15730114
15728068
15720937
15718062
15717347
15707209
15702888
15701707
15696324
15693730
15684471
15683771
15680184
15679755
15679749
15679744
15677600
15668743
15665884
15664721
15661624
15659298
15657781
15652443
15641647
15639693
15637731
15620210
15617175
15617170
15617169
15617168
15607843
15589713
15586207
15576291
15575370
15570521
15570492
15566992
15561460
15556125
15552931
15552888
15551890
15550223
15542542
15537367
15534969
15529083
15525461
15516297
15502059
15501692
15500602
15500597
15500559
15495136
15495026
15485721
15483091
15480815
15472568
26984437
15450648
15386835
15385230
15371928
15370952
15370024
15370023
15370011
15369577
15369209
15366107
15364630
15363957
15363764
15362084
15355756
15354595
15349002
15345267
15340216
15339529
15334848
15319805
15310938
15292855
15283822
15279126
15279125
15279124
15279123
15275790
15275034
15270376
15269931
15268693
15266952
15266465
15265095
15258440
15255831
15253276
15246701
15244043
15240036
15240031
15235760
15235624
15234740
15232010
15226383
15225887
15223097
15217203
15212982
15204676
15204675
15204674
15204673
15204672
15204671
15204669
15203048
15200007
15182896
15181649
15155266
15152448
15148524
15146782
15145702
15143980
15138444
15135650
15122828
15117415
15111917
15107350
15102558
15100784
15100703
15099664
15089877
15080765
15072805
15063914
15058500
15056480
15050727
15049745
15047123
15044559
15037219
15036544
15032698
15029983
15021279
15011424
15004452
14991469
19209431
14987467
14984287
14769623
14756713
14760224
14760222
14751421
14749690
14746612
14745842
14742371
14740599
14723474
14723473
14713135
14709626
14708606
14698800
14695422
14689681
14687955
14687954
14682200
14671906
14664321
14663417
14661566
14660137
14660133
14659521
14643947
14643944
14649343
14626165
14621350
14621343
14616190
14616186
14616185
14615956
14615874
14614092
14609426
14607012
14607001
14604460
14597688
14597216
14587179
14584576
14583974
14582802
14578583
14569437
14563545
14563539
14556394
14556390
14556389
14555337
14510037
14504028
14503822
14498854
12975489
12962515
12959012
12957347
12954802
12954743
12954740
12942851
12925043
12924748
12924108
12920942
12917967
12915411
12915410
12911204
12910035
12910032
12910030
12910029
12909198
12904197
12902992
12901482
12899952
12893803
12884887
12875273
12869624
12857659
12842359
12838444
12831383
12821205
12816913
12810142
12808001
12806421
12804429
12803393
12799942
12799931
12799928
12799798
12792553
12788596
12788595
12782430
12775434
12772439
12770518
12766254
12765884
12762334
12762216
12757969
12757966
12756210
12756209
12754081
12751987
12751984
12747392
12743693
12742690
12740181
12739602
12739412
12738354
12738353
12738352
12738351
12738350
12738349
12738348
12738347
12738346
12738345
12721333
12715769
12709780
12703865
12703332
12676878
12675179
12670004
12670002
12669175
12665191
12665120
12665119
12665118
12665117
12664838
28404419
28404395
12659611
12653815
12653814
12652094
12637117
12633918
12633914
12633912
12628307
12626992
12625504
12625293
12622131
12609698
19757617
12606938
12606177
12606172
12604679
12602400
12598270
12592214
12588836
12585931
12585846
12580571
12570846
12569727
12528322
12519569
12519138
12519132
12518080
12510051
12507255
12498093
12495804
12493578
12492761
12492751
12490605
12481458
12481193
12477234
12475667
12466679
12461829
12460076
12456152
12455298
12448114
12445973
12438837
12435410
12433804
12428880
12410780
12409994
12404083
12396293
12393113
12392802
12392093
12388653
12388652
12386547
12386540
12382389
12377611
12374705
12373443
12369590
12359040
12359034
12354566
12237786
12229998
12227226
12224444
12220607
12220606
12218879
12218878
12218877
12209151
12203248
12202965
12202964
12190272
12189003
12186324
12180559
12176108
12171176
12163109
12144743
12140228
12139528
12126485
12118677
12092171
12089847
12076434
12076182
12069411
12065706
12065015
12059897
12059888
12051505
12047733
12044669
12039619
12033654
12033517
12032023
12030630
12028854
12028743
12028741
12016621
12016565
12014814
12002809
11982544
11974198
11967625
11965100
11965095
11965094
11965093
11956678
11954898
11954897
11943501
11943078
11943077
11939489
11926301
11924776
28404314
11923061
11919661
11915824
11915063
11913917
11910210
11907183
11906798
11903869
11897965
11895271
11889783
11889776
11875630
11862344
11856896
11855671
11852662
11851193
11847954
11841899
11812504
11803795
11788570
11783744
11783327
11778141
11772481
11765687
11765236
11760922
28404266
11752690
11752093
11748323
11745008
11736770
11732465
11728787
11718444
11714592
11702089
11700809
11699259
11687036
11672491
11599605
11599514
11599513
11599512
11593710
11586837
28404248
11576056
11571885
11571062
11570387
11564664
11563724
11561267
11554014
11547472
11533891
11531909
11516889
11516497
11515335
11510062
11504153
11503833
11501175
11498722
11487247
11487232
11481150
11476266
11475905
11470347
11464356
11459404
11454944
11452842
11452775
11452479
11451391
11450367
11444154
11441428
11436909
11435992
11435989
11429365
11424477
11424343
11422100
11420099
11418229
11406341
11408532
11399802
11399214
11395686
11377924
11376918
11370644
11353807
11353519
11351930
11345072
11339288
11331027
11318399
11318393
11316925
11316923
11314675
11303059
11300963
11300671
11297835
11296435
11295322
11292548
11292003
11281569
11281555
28404348
28404326
28404325
11275413
11239921
11234466
11226822
11221618
11215968
11215403
11215228
11211745
11210198
11200569
11199877
11199374
11197874
11187226
11207392
11182872
11176091
11175458
11173173
11172464
11164693
11164692
10755464
11155787
11153633
11150107
11147165
11137282
11134491
27365574
11124101
11123005
11115734
11104938
11104936
11099141
11099129
11094993
11092582
11091779
11072864
11072859
11064186
11061678
11058680
11058673
11056574
11048355
11046087
11042867
11037118
11025950
11011303
11000922
11000552
10999352
10998995
10998549
10993435
10991968
10967702
10967518
10963298
10962771
10958085
10951654
10948567
10945934
10945877
10942856
10936512
10934299
10933025
10932843
10928312
10928310
10927866
10914298
10911931
10911924
10909149
10908521
10907375
10896028
10891786
10890300
10879015
10877739
28404055
28404028
21407952
10873929
10862808
10862807
10859082
10855374
10855372
10848054
10843300
10821989
10821988
10821412
10821205
10678096
10817461
10817460
10815411
10812283
10810245
10678140
10791933
10791932
10789517
10781115
10780844
10780842
10780821
10778781
10759392
10759387
10753497
10752319
10746542
10742642
10742639
10729371
10723852
10708285
10701946
10699546
10689843
10689589
10688973
10688632
10669065
10669052
10668859
10668610
10665107
10658237
10649968
10643813
10641946
10637824
10630350
28404166
20575820
10615719
10602250
10587741
10567329
10565829
10554505
10530511
10529021
10529020
10527644
10525745
10522247
10517563
10517544
10516632
10511067
10507712
10502307
10493109
10481428
10472517
10463317
10462093
10451781
10449201
10445776
10445490
10440532
10434516
10432001
10429417
10420316
10419552
10416067
10408823
10402813
10402160
10394262
10394261
10380514
10371665
10354966
10349563
10336526
10334372
10332819
10329877
10235658
10228474
10225070
10223149
10216978
10215864
10215676
10206545
10193138
10188634
21455380
21455379
10080036
10079471
10075626
10071631
10051763
10036608
10030480
10025042
10023607
9990217
9990177
9972766
9952101
9952063
9926562
9926544
9926189
9923893
9893702
9866242
9862403
9862399
9862398
9852372
9848110
9847004
9844540
9839818
9834591
9828707
9819514
9810184
9807754
9806004
9804882
9788517
9781463
9777603
9773109
9767947
9767205
9767204
9767203
9767202
9767201
9767200
9767199
9762758
22151032
9741185
9728833
9727815
9718479
9706950
9703213
9700759
9698952
9698298
9692271
9691590
9684393
9684386
9684388
9677793
9676185
9658424
9652105
9652044
9650855
9634647
9633038
9618423
9616184
9613546
9613100
9602605
9598748
9594519
9589267
9587897
9587803
9587719
9583767
9580582
9580040
9570602
9566806
9565774
9553234
9548895
9547204
9537678
9535310
9527743
9492389
22150940
9520235
9517881
9513799
9513631
9501765
9492501
9466023
9399970
9379748
9349066
9457145
9449020
9394029
9439446
9372538
9372537
9435189
9415708
9422382
9404358
9404175
9390114
28921062
9365490
9360954
9361893
9353374
9350703
9323518
9337499
9331984
9316825
9313271
9313020
9311407
9311393
9300589
9293303
9377992
9376465
9283506
9280368
9262340
9262337
9262330
9262317
9259005
9489309
9301399
9232143
9220042
9246550
23839678
9833011
9453840
9241634
9223884
9146820
9185312
9185310
9167469
9196499
16450956
9185468
9172024
9187385
9179510
9179503
26735636
9175012
9151365
9134072
9122864
9103526
16203407
10072959
9174982
9135317
9106906
9083835
9055963
9085402
9029056
8995364
9030411
12290346
9643170
9190324
9190320
9180349
9180346
9167373
9167372
9151189
9143865
9110879
9062866
9061101
9048270
9030785
9016350
9009940
8989008
8988582
8982695
11224471
9023451
8981591
8970542
8968655
8968334
8953876
8951507
8930154
8911590
8984864
8937031
8899844
8896694
8889674
8889672
8886295
8831319
8949735
8888002
8894035
8874907
8819498
8790540
8780276
8806713
8768738
8694322
8975577
8975564
8975563
8975562
8835660
8832308
8776538
8689806
8780832
8826540
8814462
8752776
8667193
8646980
11224419
11224415
8792890
8792868
8780998
8735515
8723890
8704079
8624183
12179219
8974441
8782244
8725596
8672615
8660226
8613955
23839545
15073838
11224407
8851375
8820424
8721470
8721127
8712329
8598706
8865712
8850319
8834420
8708492
8632309
9839033
9172009
9033830
8961492
8880825
8829938
8809866
8765547
8732618
8729309
8704003
8699542
8657455
8750730
11224380
8587920
8533910
8749726
8746929
8746921
8746920
8590491
8562715
7473148
8584493
8556409
8542854
8523655
7562845
8539325
7564037
7550184
7474312
7578651
7790946
7663317
7637176
7572013
7565488
7542336
28921297
7791107
7675960
7603447
18415545
7752087
7752076
7750360
7726400
7609291
7571027
7776511
7776510
7723747
8614238
7785941
7780813
7766771
7623388
7620721
7602287
7746511
7853176
7853163
7784101
7740067
7739107
7714228
7537316
21743710
18415494
9480189
8775841
8775832
8641317
8555282
8541358
8526956
7869827
7802265
7707683
7699809
7695154
7677393
7605040
7583900
7564887
7489472
7489418
28921347
7888292
7886070
7721245
7701040
7701039
7701033
7965818
7884840
7880042
7880040
7880034
7880032
7880028
7880027
7880026
7880021
7880019
7880017
7880009
7880007
7880005
7861609
7861603
7861593
7848799
7840403
7832179
7815029
7802241
7525167
7851281
7851278
7830378
7830376
7815715
7815697
7761011
7761010
7525929
23568116
7967042
7816882
7966548
7949039
7933504
7955341
8091634
8091633
8081187
8020299
8010459
8010359
7941951
7938128
7933486
7933485
7893194
7802321
7802320
7802314
7802313
7802310
7528480
8014851
8014847
7862888
8082697
8181201
8166343
7916913
7855222
10678328
8737562
8737553
8189621
7931856
7860555
7519977
8023029
8208774
8197580
8173501
8138931
7514974
11224254
8172406
8169777
8151000
8146232
8135665
8021804
7910424
8565000
8309062
8267120
8205770
8201637
8170620
8164503
8159633
8149883
8087638
7995313
7992934
7734458
8298074
8301837
8301836
8301823
8301822
8280545
7903391
8226821
8309223
8307755
8280345
8278436
8254871
8254870
8254866
8246162
8214197
8185068
8185067
8138651
8111612
8111608
7504098
8302451
8277729
8277712
8260302
8251871
8238835
8230700
8229759
8115870
18415403
18415400
9384844
9114907
8351337
8232789
8230722
8217067
8394915
8366559
8393519
8373940
8372257
8356856
8350470
8330602
8330600
8330599
8322143
8257551
8234143
8106060
8105060
8317029
8501457
8411615
8370341
8350797
8329254
8320813
8319750
8314940
8515541
8491067
8480833
8478703
8348877
8322565
8322564
8211445
8515162
8463453
8315799
7686230
8515850
8507257
8468778
8456048
8453740
8394176
7968322
8462413
8442513
8437105
8431046
8099508
16818314
8474672
8381654
8381011
8380866
8324467
8289903
8273766
8271108
8250364
8250363
8229955
8154793
7690200
11224159
1493343
1479654
1479653
1471517
1294917
1444728
1416129
1301649
1301640
1280014
15278517
1433832
1433831
1330471
1445968
1392552
1329800
1285673
1405022
1396108
1396104
1625189
1522316
1501431
1497132
1485670
1414399
1360858
1629388
1612814
1528580
1522492
1522305
1376362
1578593
1595337
1517643
1315861
1618458
1560376
1560373
1373189
1350432
1328733
1547574
1545386
1317659
11224099
1731541
1573287
1555000
1623635
1616116
1609037
1609035
1593145
1591635
1579619
1545487
1545216
1536441
1503304
1502961
1476293
1436019
1436018
1436017
1436013
1436012
1436011
1436010
1435974
1406911
1406910
1406909
1406908
1406907
1406906
1384891
1383825
1311974
11224094
1785960
1784506
1768545
1837321
1807006
1779658
1763589
1658305
1797849
15278612
15278600
1961493
1961484
1952031
1940487
1940486
1798504
1798460
1798449
1744931
1687424
1744987
1684869
1950193
1924908
1920787
1920786
1886591
1717858
18415194
1924919
1884671
1875542
1862786
1754079
1658819
1651892
2033521
1878232
1850210
1748776
2020470
2032058
2032057
1874857
1907922
2050347
1927058
1922859
1765889
2046436
2065712
2051748
1862999
1811431
1711441
1675119
1647294
2069536
1708499
20732019
2071440
2062170
2057087
2055424
2044393
1988653
1943479
1932153
1932148
1912151
1876147
1876146
1876131
1876130
1876122
1876075
1876053
1875999
1875998
1854055
1846412
1806198
1785709
1749829
1746507
1745104
1715035
1678679
1676005
1664666
1662176
1652079
1652076
2289007
18415237
2290047
2098589
2082807
2130610
2290501
2265296
2255039
2240504
2127853
2090691
2395121
2394102
2393107
2175919
1979183
2384889
2255932
2247319
2209411
15235980
2393441
2286420
2197814
2384583
2388391
2197054
2159077
2384956
2384948
2356939
2340348
2236778
2192406
1972904
1693031
1691559
21927455
2362343
2362338
2328561
2194053
18415209
2395965
2328175
2311163
1969472
1703389
2395958
2323312
1969295
2106928
2304681
2372154
2349809
2313769
2309545
2305652
2304255
2304247
2243541
2196628
2179136
2172186
2160444
2088160
1965748
2619004
2559806
2558758
2486625
2615545
2572707
2597815
2576057
2486654
2519136
2790101
2699011
2675644
2633073
2608988
2558784
2520961
2478047
2776393
2774230
2772637
2782578
2778671
2775626
2520912
2799329
2758241
2617376
2614900
2570883
2569364
2533282
2473187
2771123
2790552
2753313
2520396
2778949
2755276
2742099
2721107
2708841
2577247
2566680
2734763
2497861
2785813
2728828
2724512
2723127
2709794
2566343
2546225
2469395
2928760
2781093
2740543
2738496
2733386
2731059
2721029
2723013
2733136
2717796
2538171
2927249
2779810
2779808
2721544
2719445
2641039
2641031
2641003
2640985
2627049
2577032
2566923
2561845
2545795
2543017
2491980
2488032
3226762
3219638
3149157
3071176
3065859
3238136
3225903
3183952
3211364
2850212
3254985
3254984
3199502
2908210
2459370
3417462
3265643
3253717
3227140
3186272
3069539
2972228
2907529
2907043
2903821
2458208
3227044
3220837
3176837
3141817
3054197
3049055
2850923
3244434
3230625
3172701
3048768
2898220
2465994
3175177
3042551
2971143
3416736
3377946
3286657
3174743
3042275
2840178
3398224
3398223
3145473
2841613
2454440
18415266
3344976
2901137
3125937
3364665
3362932
3354808
3345281
3284406
3232162
2893012
2832191
3123005
3402520
3386393
3367501
3365064
3359074
3337794
3276999
3275523
3223639
3137594
3128807
2896478
2841602
2457160
2454742
2453895
10312332
3696750
3440438
2894289
2894288
2894287
3427266
3324612
3318896
2893560
2845300
3683616
3685559
3452786
3452785
3310672
3678038
3448533
3113290
2891490
2823167
3302764
3651280
3430702
3423807
2888499
2821559
2888662
3682172
3682167
3682166
3659500
3448515
3614964
3594070
3592200
3592172
3115138
3033213
2954811
3627486
3613060
3307727
2442668
3563770
3829309
3658208
3658206
3559988
3302336
3297075
3544957
3108556
2882700
16867528
3822492
3806399
3691607
3616138
3614694
3614690
3614688
3599403
3566119
3560424
3556374
3302226
3030969
2833735
2833734
2449618
2449616
2878134
3823544
3544649
3542107
3101386
3469768
3746670
3540873
3783912
3017495
2430191
3766147
3538987
3796851
3747263
3526421
2429532
3517611
3523826
3731735
3964516
3774170
3747120
3747119
3723808
3699566
3009783
3013652
3959968
3739870
3729434
3013044
3954137
3748427
3748422
3642887
3456123
2871181
2870660
3511410
3958098
3753938
3510458
3946773
3780289
3767253
3721055
3709213
3587575
3511767
3488520
3463186
3101099
3090442
3024754
3012081
3007830
4092611
4080772
4079443
3908076
3834116
4077942
2997571
4087342
4057080
3836380
2935653
2867881
4045722
4041319
3938971
2998723
2864048
2863704
4079880
4095879
4066392
4051160
2998812
4090237
3907065
4061002
24272810
4009506
4006747
3895692
4025755
3864560
2989495
2867050
4020627
3877884
4011002
3890312
4024663
3985394
3925805
3890604
2861882
2579784
4021074
4013631
3990166
3978009
4019659
3838755
4039649
3976330
3888577
3888576
3888575
2987740
2986930
2986929
2982388
2858839
2857568
3855518
4022409
3937443
3929312
3841800
2866738
2856939
6536878
6536870
6152317
6099494
6099486
6094812
6542445
6535075
6507832
6393818
6096836
6532961
6385337
6514833
6474320
6392598
6381692
6206224
6149907
6430310
6734042
6521876
6146703
6428606
6547177
6502551
6491561
6476299
6375465
6236024
6727551
6426616
6481272
6476361
6145770
6730874
6729155
6711782
6711781
6472645
6381783
6146743
6142942
6700515
6700503
6584767
6707916
6703303
6434956
6328350
6207431
6148697
6694639
6711799
6707893
6703273
6370028
6710826
6364520
6730739
6529632
6371287
6319664
6232405
6152192
6151332
6141626
6420684
6657731
6422790
6645791
6689268
6415992
6197797
6578447
6358046
6356971
6139041
6415458
6415457
6875844
6651208
6349411
6308210
6614422
6352139
6869711
6861632
6620548
6614418
6135366
6866541
6866170
6842402
6188822
6192515
6850163
6687818
6410281
6410250
6308456
6220729
6402239
6836002
6304556
6402201
6403440
6846782
6829887
6342461
6130814
6683540
6408664
6336941
6319861
6141486
6136392
7158741
7150869
6984472
6818866
6818864
6298835
6298527
6762690
7162654
6294424
7126409
7120124
6288917
6126640
7140531
6758261
7155049
6182077
7124308
6181259
6755847
7131749
6283067
6805715
6981044
6281389
6181598
7082534
6122613
7084303
6282596
7066163
7066147
7066145
7066139
7047580
6811932
6811921
6811910
6181414
6126811
7084817
7066127
7039643
6123475
6123474
6952112
7184401
7087167
7087166
7057390
6802019
6174908
7127370
7055528
6896119
6760767
6292982
6276633
6950300
7336517
7322008
7332090
7325347
7041936
7034583
7312818
6802995
6271322
7328731
7328730
7328729
7328728
7328727
7304894
7306425
7198266
6115924
6270490
7263931
7258587
6262686
7324833
6262095
7293215
7224117
7277680
7229117
6783946
7202515
7339167
7319134
7232665
7218511
6794327
6791015
6785803
6456287
6262856
7018155
6107711
7438685
6107472
7445209
7439255
7437209
7220432
7004250
6252996
6106780
7194242
7407029
7435902
7396100
6990950
7352279
7360334
7457948
7457947
7377558
7371972
7250147
6768078
510395
391321
509142
526414
497691
115537
383195
466334
583326
483080
484814
458815
474948
444978
286917
453488
421663
421114
378645
572694
552286
547663
547656
525837
465292
465291
380617
380616
223616
728741
747691
740629
722743
34176
30820
698486
666936
352372
215096
694147
744302
414464
334210
409449
409448
869156
334206
321103
14772
338392
337748
31641
974396
945347
6688
1032070
1015212
801583
801582
2687
4851667
