10131754
10154654
10154654
10164038
10288441
10288441
10288441
10904487
11211642
12549711
12773784
12873239
13971810
15189164
16340648
16767849
17060538
17176385
17439868
17581533
17916222
17984404
18063321
18190664
18485621
18543361
1862062
1862062
18799767
18799767
1883001
1883001
18929451
18929451
19443133
1969892
20201863
20201863
20299175
20376279
20432107
20557970
20815663
21054613
21199058
21354703
21549528
21776440
22108900
22263709
22287798
2240903
2240903
22455509
22786464
22845057
22873183
2296714
23038795
23052964
23363550
23766545
23998769
24025657
24132733
24248468
24369387
24500948
24611820
24745639
24751432
24758595
24871348
24990587
25114031
25115224
25247895
25587948
25747921
25747921
25747921
25774987
25921475
26017980
26054942
26338836
26428361
26461997
26544739
26599131
26605925
26760086
26760086
26785634
26785634
26845291
26978601
26996986
27012435
27028930
27042784
27140989
27155998
27162437
27196642
27294595
27294595
27301691
27513154
27544696
27544696
27569698
27575980
27623005
27639956
27664597
27742371
27810654
28017184
28035035
28095255
28103214
28114444
28132694
28160345
28241189
28241189
28328312
28334456
28355456
28355456
28355458
28363320
28459969
28564549
28564549
28564561
28582659
28582659
28582697
28590391
28594786
28612362
28612362
28640680
28672310
28672313
28676005
28683056
28705485
28708940
28711636
28713291
2873550
28738683
28740128
28750478
28761945
28761945
28762157
28762157
28934186
28968188
28968188
28993811
4010301
4010301
4010301
4818714
6054183
7091173
7350425
7562262
7562262
7673531
7734464
7734464
7734464
7734465
7734465
7934053
8192128
8192128
8289894
8289894
8289906
8289906
8480823
8480823
8480823
8491635
8669519
8834005
8902071
9547764
28353126
24521531
24821095
23409883
18434045
18557842
16604429
17136462
16953009
15470940
12473419
14689770
12751880
12079251
11767269
11519371
11023017
10441920
7707598
1425546
2212181
2511590
2634104
6521482
6611026
6668603
7088907
7360727