3000805
24271122
4084183
4080766
4080758
4080100
4057080
4057078
4057071
3002317
3001233
2997432
2935140
2934749
2934748
2867174
2865892
2865342
2998381
4054212
2996912
4070418
4070326
4045722
4042525
4031019
3843301
3002205
2995111
2995741
4052749
4033351
4033357
4064907
4063057
3901041
3002693
2997887
2997654
2993609
2993589
2992300
2864100
4043225
2991684
2862958
4070392
4059307
3843739
3843737
2997642
2989428
2865117
4059587
4009506
3892216
2992669
2991795
2991346
2409281
2409280
2989632
4023023
4022271
4009482
3908340
3896411
3843728
3843718
2993171
2991949
2989500
2867051
2867050
4018136
4005545
4040246
2999724
2985759
3990510
2986002
2984501
2859095
4039002
4011730
4000407
3991774
3983028
2991678
2859565
2578990
3986523
3991759
3991756
3979972
2983171
3838691
3921389
3971145
16726000
4039802
4039067
4000410
3969057
3888577
3888575
2987990
2987740
2984700
2982011
2860592
2859972
2582304
2984010
4067601
4047981
4041065
3991363
3981418
3936101
3931155
3927336
3923525
3923521
3916036
3914209
3908352
3903533
3891654
3832903
3007777
2997824
2997614
2986883
2981129
2981076
2869149
2412252
6529627
6505691
6543246
6522309
6389867
6209395
6099514
6099513
6099508
6099494
6099490
6099488
6099471
6094248
6092812
6092373
6520774
6488691
6150815
6095280
6092898
6091150
6529975
6541499
6541122
6386494
6150086
6149142
6092607
6090663
6088697
6090835
6482651
6090834
6541075
6499910
6094203
6494208
6469938
6469937
6469936
6469935
6469934
6469933
6469932
6469931
6381473
6206224
6093153
6088469
6088468
6088467
6090179
6540590
6540199
6093942
6087062
6541225
6479015
6429197
6147336
6146706
6146699
6098896
6374352
6329467
6463075
6431449
6328530
6328153
6086361
6328147
6330479
6326965
6326964
6326963
6738824
6737235
6716270
6539667
6473168
6433331
6330766
6330764
6330761
6329589
6326151
6146106
6539142
6722534
6728879
6703387
6091160
6708723
6538628
6324770
6718461
6709679
6709677
6583447
6547224
6486774
6434974
6434972
6325463
6321146
6207431
6148913
6738790
6607339
6424632
6697193
6691146
6321207
6319931
6694998
6543435
6543398
6540897
6524509
6519154
6494192
6475891
6475888
6443393
6443380
6443377
6440184
6436825
6394130
6388274
6388273
6323369
6319107
6151208
6141278
6100022
6099871
6093484
6093137
6084846
6318895
6316064
6668313
6662195
6670857
6665302
6657726
6655565
6315775
6313736
6197313
6419179
6667710
6363990
6321203
6640516
6637740
6320316
6640302
6686142
6653389
6646353
6629966
6619824
6316371
6314167
6312042
6196793
6314208
6310295
6612331
6310750
6313397
6308767
6686324
6634902
6634889
6633822
6359093
6310111
6867737
6881329
6875851
6634886
6634872
6422028
6347117
6309428
6192235
6883119
6883097
6352139
6304445
6884432
6873180
6889416
6136987
10317352
6302425
6408390
6308695
6410281
6410276
6410264
6839176
6303805
6338330
6843792
6843791
6682490
6131119
6299472
6299458
6835979
6831119
6682230
6681633
6681632
6308317
6300933
6300721
6296358
6301847
6827900
6843782
6686696
6684293
6678390
6578730
6415729
6408661
6407041
6403960
6322365
6319928
6319921
6319917
6319914
6319896
6319895
6319887
6306614
6296330
6201940
6188774
6184003
6141501
6136392
6135144
6133288
6131962
6129881
7162354
6295552
7143239
7143233
6298835
6298834
6292396
6130527
6130451
6295778
6891739
6129982
7177344
7138234
7131294
6294686
6294682
6290634
6290184
7154836
6296572
6296567
6755122
7181582
7178183
7166139
7145032
6891063
6292420
6291701
6292636
6292615
6183549
6128656
6128653
7145041
7143556
6294168
7100917
7132574
6289965
7089582
7121747
6299265
6291068
6288945
6288413
7108900
7097642
6289026
7109840
6286325
7111349
7111345
7086683
7085584
7045089
6806253
7109826
7047964
7089032
7042396
7042395
6978757
6281084
6176696
7087676
6283437
7061693
6811941
6289119
6280208
6280206
6280203
6121523
7200037
7067729
6203600
7062259
6281826
6278127
6278126
6276506
6121047
6121045
6120359
6277426
7065829
7057394
7037459
6276546
6121872
6122153
7060629
7202207
7171079
7167863
7150691
7122510
7119946
7079321
6961864
6961861
6889739
6817368
6813889
6760771
6760769
6297359
6296898
6291084
6290924
6289627
6281840
6278352
7329205
7185891
6101080
7312906
7297627
6271598
6271322
7300562
7198791
6287349
7284781
6271561
7268445
7318681
7291246
7290360
6765486
6272086
6272084
6266608
6272048
7297411
7195937
7026993
6271835
6271831
6268235
6116207
6115930
7318888
7291235
7291218
7023894
7017107
6974870
6270541
6114837
6264311
6267391
7229996
7196050
6264340
6262493
7229971
6262485
6263637
7195448
7232476
7205651
7205644
7242242
7231051
6266844
7205630
6259293
6166807
7250068
6783917
6783916
7215432
7465612
7452507
7340503
7330080
7323217
7301882
7232665
7232659
7203820
7195294
7195052
6798611
6798609
6791204
6791198
6791016
6791015
6791014
6791013
6791012
6791011
6791010
6791009
6791008
6791007
6791006
6791005
6791004
6791003
6791002
6791001
6791000
6790999
6790998
6455284
6455283
6276733
6276726
6272677
6268381
6267469
6108466
7435717
6266433
6261273
6259471
6259220
7202485
7464456
6107698
6256182
6161013
7442939
7441501
7192404
6109606
6107608
7414330
6249450
6252015
7422689
7400959
6107224
6105206
6254782
7461877
7191065
6774622
7378834
6993656
6248627
6247214
6162947
6156240
6110766
6106678
7379964
6247594
7365688
7357808
7188963
6771774
6767889
7359340
6256633
6245210
6244390
6247596
7352279
6245423
6101980
7428332
7395603
7367458
7190698
6993401
6927049
6907020
6890239
6768078
6272240
6255487
6254356
6252794
6250102
6246747
6244551
393928
574545
512931
583333
551319
496053
231991
44389
41087
522615
510393
522608
510378
228671
523496
44036
226215
499333
530471
477732
298339
219939
481705
465866
220890
220407
117373
112621
439005
374068
226864
118856
108682
86208
461486
461479
223174
219179
108382
485705
421447
420348
440006
762657
762651
424476
218009
107446
755620
572694
570272
550130
546626
539577
517492
517491
515087
441097
437945
232441
224675
219728
218233
216447
216330
121360
121347
121346
121339
121328
95036
95035
42280
33396
740012
734225
215744
152622
688025
31527
733832
733827
723970
219434
30814
730406
714975
692825
682114
567585
210831
211360
98797
209185
101850
674824
660528
208742
97713
672425
658129
26754
26554
663407
252920
205867
626239
564769
365122
204766
413904
203494
202879
755381
747177
747176
645364
418355
369432
283722
218109
218108
218107
218106
211530
206109
158518
106298
106297
106296
73588
27943
920847
201861
927009
563313
200967
562763
911218
591144
338517
201577
909610
905632
561312
894682
562646
881456
865620
880876
194170
853872
849672
193169
844498
844495
66306
188138
834360
198833
189228
186159
1036502
999987
999452
186283
982058
826950
978296
977685
964342
185061
1088899
1088898
1004531
1004530
1004529
974367
954353
826824
821786
794728
794727
794726
794725
794724
794723
794722
794721
794720
794719
794718
794717
794716
794715
794713
785400
187943
187942
187941
187940
63915
10147
945350
822483
6793
1064881
945438
945347
773586
935974
819644
6233
1271953
1254668
1265343
1259524
1258715
944026
6708
3994
56139
1071365
996000
989388
967234
967233
967232
967231
967230
959310
943794
828467
828465
823438
812979
787798
189354
184055
184054
184053
56258
11501
1241097
1212020
1195133
13983
1197924
1196002
1201850
1188187
810832
241656
239958
239235
1148827
1151958
1137995
1142071
237112
1133815
236796
235639
1168347
1127596
1241971
1241970
1234983
1234982
1234981
1227303
1227302
1227301
1227300
1227298
1227297
1227291
1181122
827709
775969
179316
13306
4433085
4156313
4156301
4827793
4811279
4467728
4707988
4794989
