8628042
15811981
15956269
16012278
16223067
16670409
16960700
17222320
17374042
17587504
17588491
17664051
17873686
18079068
18241321
18348601
18775624
19053979
19365548
19593174
20231324
20363090
20542391
20559296
20673995
20839388
21314752
21380937
21454917
21575016
21715107
21769033
21782353
21991594
21998076
22079773
23036218
23188075
23188075
23359310
23408728
23571420
23577900
23701526
24144653
24424425
24674234
24674234
25037206
25102328
25760804
25901451
26560326
26560326
27736689
\N
\N
