314756
1565709
1591525
2597811
2808725
2836152
3395719
3565914
6496780
7665537
7690585
7906992
7966505
8254833
8510302
8518714
8539322
9041351
9086162
9203116
9437624
9472506
9491065
9494755
9518986
9540937
9590665
9631135
9860109
9883173
10097028
10102765
10231814
10234561
10367550
10373168
10463024
10520978
10615738
10663415
10846724
10875899
10899371
10899371
10914288
11093966
11306400
11377409
11377409
11386491
11438246
11447570
11552772
11552772
11576032
11687036
11718473
11728609
11755561
11780876
11793578
11892955
11899755
12092921
12095672
12138350
12410786
12444358
12458916
12475363
12500129
12571528
12625430
12642426
12733863
12756380
12810146
12821982
12821984
12826990
12851023
12878917
12878917
12878918
13638508
14633751
14724039
14724039
14750508
15203440
15203441
15255807
15525999
15567673
15682300
15899557
15984917
16002033
16012278
16019979
16185203
16449486
16637948
16670409
16740620
16769444
16788998
16803421
16831112
16899034
16929503
16938074
16939945
17008194
17008194
17098370
17137562
17222320
17222320
17245454
17339526
17433853
17587504
17592483
17597132
17632219
17661192
17898353
18056224
18077142
18308913
18384246
18425938
18598388
18674871
18768955
18823721
19034737
19054971
19081784
19250137
19364254
19448206
20334987
20363090
20363090
20461783
20530013
20661550
20932921
21154349
21289169
21380937
21491233
21502953
21529928
21900886
22294820
22310869
22607834
23602314
23924756
23982242
24074723
24148034
24384538
24412058
24526250
24526250
24737367
24846619
24976534
25240704
25447556
26373705
\N
\N
\N
\N
\N
\N
\N
\N
\N
\N
\N
\N
\N
