00000
1004529
1004530
1004531
10147
101850
10317352
1036502
106296
106297
106298
1064881
1071365
107446
108382
108682
1088898
1088899
112621
1127596
1133815
1137995
1142071
1148827
11501
1151958
1168347
117373
1181122
1188187
118856
1195133
1196002
1197924
1201850
1212020
121328
121339
121346
121347
121360
1227291
1227297
1227298
1227300
1227301
1227302
1227303
1234981
1234982
1234983
1241097
1241970
1241971
1254668
1258715
1259230
1259524
1265343
1271953
13306
13983
152622
158518
16726000
179316
184053
184054
184055
185061
186159
186283
187940
187941
187942
187943
188138
189228
189354
193169
194170
198833
200967
201577
201861
202879
203494
204766
205867
206109
208742
209185
210831
211360
211530
215744
216330
216447
218009
218106
218107
218108
218109
218233
219179
219434
219728
219939
220407
220890
223174
224675
226215
226864
228671
231991
232441
235639
236796
237112
239235
239958
2409280
2409281
2412252
241656
24271122
252920
2578990
2582304
26554
26754
27943
283722
2859095
2859565
2859972
2860592
2862958
2864100
2865117
2865342
2865892
2867050
2867051
2867174
2869149
2934748
2934749
2935140
2981076
2981129
2982011
2983171
298339
2984010
2984501
2984700
2985759
2986002
2986883
2987740
2987990
2989428
2989500
2989632
2991346
2991678
2991684
2991795
2991949
2992300
2992669
2993171
2993589
2993609
2995111
2995741
2996912
2997432
2997614
2997642
2997654
2997824
2997887
2998381
2999724
3000805
3001233
3002205
3002317
3002693
3007777
30814
31527
33396
338517
365122
369432
374068
3832903
3838691
3843301
3843718
3843728
3843737
3843739
3888575
3888577
3891654
3892216
3896411
3901041
3903533
3908340
3908352
3914209
3916036
3921389
3923521
3923525
3927336
3931155
3936101
393928
3969057
3971145
3979972
3981418
3983028
3986523
3990510
3991363
3991756
3991759
3991774
3994
4000407
4000410
4005545
4009482
4009506
4011730
4018136
4022271
4023023
4031019
4033351
4033357
4039002
4039067
4039802
4040246
4041065
4042525
4043225
4045722
4047981
4052749
4054212
4057071
4057078
4057080
4059307
4059587
4063057
4064907
4067601
4070326
4070392
4070418
4080100
4080758
4080766
4084183
41087
413904
4156301
4156313
418355
420348
421447
42280
424476
437945
439005
440006
44036
441097
4433085
44389
4467728
461479
461486
465866
4707988
477732
4794989
4811279
481705
4827793
485705
496053
499333
510378
510393
512931
515087
517491
517492
522608
522615
523496
530471
539577
546626
550130
551319
561312
56139
56258
562646
562763
563313
564769
567585
570272
572694
574545
583333
591144
6084846
6086361
6087062
6088467
6088468
6088469
6088697
6090179
6090663
6090834
6090835
6091150
6091160
6092373
6092607
6092812
6092898
6093137
6093153
6093484
6093942
6094203
6094248
6095280
6098896
6099471
6099488
6099490
6099494
6099508
6099513
6099514
6099871
6100022
6101080
6101980
6105206
6106678
6107224
6107608
6107698
6108466
6109606
6110766
6114837
6115930
6116207
6120359
6121045
6121047
6121523
6121872
6122153
6128653
6128656
6129881
6129982
6130451
6130527
6131119
6131962
6133288
6135144
6136392
6136987
6141278
6141501
6146106
6146699
6146706
6147336
6148913
6149142
6150086
6150815
6151208
6156240
6161013
6162947
6166807
6176696
6183549
6184003
6188774
6192235
6196793
6197313
6201940
6203600
6206224
6207431
6209395
6233
6244390
6244551
6245210
6245423
6246747
6247214
6247594
6247596
6248627
6249450
6250102
6252015
6252794
6254356
6254782
6255487
6256182
6256633
6259220
6259293
6259471
6261273
626239
6262485
6262493
6263637
6264311
6264340
6266433
6266608
6266844
6267391
6267469
6268235
6268381
6270541
6271322
6271561
6271598
6271831
6271835
6272048
6272084
6272086
6272240
6272677
6276506
6276546
6276726
6276733
6277426
6278126
6278127
6278352
6280203
6280206
6280208
6281084
6281826
6281840
6283437
6286325
6287349
6288413
6288945
6289026
6289119
6289627
6289965
6290184
6290634
6290924
6291068
6291084
6291701
6292396
6292420
6292615
6292636
6294168
6294682
6294686
6295552
6295778
6296330
6296358
6296567
6296572
6296898
6297359
6298834
6298835
6299265
6299458
6299472
6300721
6300933
6301847
6302425
6303805
6304445
6306614
6308317
6308695
6308767
6309428
6310111
6310295
6310750
6312042
6313397
6313736
6314167
6314208
6315775
6316064
6316371
6318895
6319107
6319887
6319895
6319896
6319914
6319917
6319921
6319928
6319931
6320316
6321146
6321203
6321207
6322365
6323369
6324770
6325463
6326151
6326963
6326964
6326965
6328147
6328153
6328530
6329467
6329589
6330479
6330761
6330764
6330766
6338330
6347117
6352139
6359093
6363990
6374352
6381473
6386494
6388273
6388274
6389867
63915
6394130
6403960
6407041
6408390
6408661
6410264
6410276
6410281
6415729
6419179
6422028
6424632
6429197
6431449
6433331
6434972
6434974
6436825
6440184
6443377
6443380
6443393
645364
6455283
6455284
6463075
6469931
6469932
6469933
6469934
6469935
6469936
6469937
6469938
6473168
6475888
6475891
6479015
6482651
6486774
6488691
6494192
6494208
6499910
6505691
6519154
6520774
6522309
6524509
6529627
6529975
6538628
6539142
6539667
6540199
6540590
6540897
6541075
6541122
6541225
6541499
6543246
6543398
6543435
6547224
6578730
658129
6583447
660528
6607339
6612331
6619824
6629966
66306
6633822
663407
6634872
6634886
6634889
6634902
6637740
6640302
6640516
6646353
6653389
6655565
6657726
6662195
6665302
6667710
6668313
6670857
6678390
6681632
6681633
6682230
6682490
6684293
6686142
6686324
6686696
6691146
6694998
6697193
6703387
6708
6708723
6709677
6709679
6716270
6718461
6722534
672425
6728879
6737235
6738790
6738824
674824
6755122
6760769
6760771
6765486
6767889
6768078
6771774
6774622
6783916
6783917
6790998
6790999
6791000
6791001
6791002
6791003
6791004
6791005
6791006
6791007
6791008
6791009
6791010
6791011
6791012
6791013
6791014
6791015
6791016
6791198
6791204
6793
6798609
6798611
6806253
6811941
6813889
6817368
682114
6827900
6831119
6835979
6839176
6843782
6843791
6843792
6867737
6873180
6875851
688025
6881329
6883097
6883119
6884432
6889416
6889739
6890239
6891063
6891739
6907020
6927049
692825
6961861
6961864
6974870
6978757
6993401
6993656
7017107
7023894
7026993
7037459
7042395
7042396
7045089
7047964
7057394
7060629
7061693
7062259
7065829
7067729
7079321
7085584
7086683
7087676
7089032
7089582
7097642
7100917
7108900
7109826
7109840
7111345
7111349
7119946
7121747
7122510
7131294
7132574
7138234
7143233
7143239
7143556
7145032
7145041
714975
7150691
7154836
7162354
7166139
7167863
7171079
7177344
7178183
7181582
7185891
7188963
7190698
7191065
7192404
7195052
7195294
7195448
7195937
7196050
7198791
7200037
7202207
7202485
7203820
7205630
7205644
7205651
7215432
7229971
7229996
7231051
7232476
7232659
7232665
723970
7242242
7250068
7268445
7284781
7290360
7291218
7291235
7291246
7297411
7297627
7300562
7301882
730406
7312906
7318681
7318888
7323217
7329205
7330080
733827
733832
7340503
734225
7352279
7357808
73588
7359340
7365688
7367458
7378834
7379964
7395603
740012
7400959
7414330
7422689
7428332
7435717
7441501
7442939
7452507
7461877
7464456
7465612
747176
747177
755381
755620
762651
762657
773586
775969
785400
787798
794713
794715
794716
794717
794718
794719
794720
794721
794722
794723
794724
794725
794726
794727
794728
810832
812979
819644
821786
822483
823438
826824
826950
827709
828465
828467
834360
844495
844498
849672
853872
86208
865620
880876
881456
894682
905632
909610
911218
920847
927009
935974
943794
944026
945347
945350
945438
95035
95036
954353
959310
964342
967230
967231
967232
967233
967234
974367
97713
977685
978296
982058
98797
989388
996000
999452
999987
