28816150
28729151
28651159
28423487
28360208
28359784
28324889
28214657
28162999
28034081
28008452
27932067
27604993
27717298
27681753
27622997
27596353
27410923
27378345
27298410
27294163
27269741
27269740
27092830
26926680
26873574
26700304
26627641
26541511
26534966
26512791
26410424
26407818
26394083
26350358
26343230
26115796
26062775
26027431
25968455
25924991
25891304
25891173
25840693
25795410
25761109
25713437
25649350
25538176
25416723
25399552
25369488
25214238
25210016
25034862
24844912
24838938
24831977
24778280
24778276
24777678
24721645
24708900
24700302
24695685
24619072
24609989
24514956
24445759
24433434
24145345
23942774
23924790
23833564
23787916
23724867
23724846
23690483
23666915
23550685
23535954
23521917
23444228
23400564
23295794
23171508
22956585
22894884
22878899
22858559
22694829
22547592
22456429
22382362
22326924
22146893
22130166
22130164
21833591
