22459268
22385525
22267918
22219590
22202647
22209376
22203769
22193102
22186141
22180676
22173438
22146893
22142824
22074657
22124094
22123319
22109345
22091682
22085568
22082642
22077981
22077831
22071969
22069060
22051508
22047582
22046181
22044200
22036643
22033581
22030452
22028422
22027422
22027417
22020206
22010182
21991906
21991905
21991904
21990407
21990398
21957431
21954698
21952276
21951748
21933959
21930211
21917607
21914583
21900791
21900389
21881038
21850925
21843079
21833591
21821307
21815696
21810572
21807763
21806402
21804596
21802280
21788973
21785279
21785048
21777474
21770473
21748753
21737695
25373277
21708958
21701442
21700764
21693727
21668044
21659402
21656113
21639810
21629286
21561409
21554088
21551417
21515855
21505108
21470540
21465316
21455150
21427556
21368459
21365253
21357649
21317818
21311328
21294474
21294473
21294472
21294471
21282973
21264545
21242854
21235437
21220617
21220230
21204754
21193120
21193119
23789039
21170646
21150603
21121842
21111961
21106722
21090563
21088057
21083648
21080797
21074069
21074065
21074064
21074063
21074062
21074061
21074060
21074058
20957980
20943639
20853321
20842054
20818880
20811384
20734041
20713164
20698719
20697383
20693841
20671754
20635901
20616954
20609175
20593249
20563707
20525992
20512304
20460488
20383346
20307219
20216240
20152761
20147741
20143434
20140276
20082117
20052966
20004617
19952852
19934296
19934295
19808874
19793711
19752745
19679015
19671877
19650371
19648604
19639414
19587352
19557204
19556898
19544692
19544689
19538054
19512947
19507029
19474123
19318477
19242368
19238020
19238009
19236253
19198837
19147575
19139884
19136343
19104936
19088949
19074257
19052265
19052742
19018089
19001147
19001144
18974373
18838703
18832811
18818309
18806898
18780859
18716842
18665147
18612161
18597009
18545145
18537753
18528295
18390726
18287062
18279066
18198818
18049334
18027152
18000991
17982122
17922073
19543441
17696822
17673617
17520107
17440629
17363537
17327854
17289891
17289867
17198092
17013086
16801985
16710025
16370382
16283570
