

29028788
29026313
29024038
29023643
29023264
29018908
28988380
28988363
28987768
28983773
28983657
28983562
28982752
28982322
28981385
28980713
28978021
28973703
28973656
28968566
28964438
28961848
28961840
28961465
28960564
28959506
28951518
28950303
28950287
28950039
28947556
28944534
28941311
28932782
28928380
28926356
28923537
28922786
28921644
28918974
28918779
28916225
28915085
28911080
28901560
28894934
28891423
28891241
28889792
28883738
28883282
28881222
28866758
28864844
28858175
28854831
28854067
28841387
28837184
28835114
28833119
28829189
28827234
28825923
28825378
28822576
28821685
28819716
28817755
28817445
28816150
28799876
28786858
28785544
28783540
28776578
28776411
28770379
28770166
28765062
28756306
28753231
28751442
28749795
28740933
28738054
28737620
28735071
28733704
28730266
28730140
28729152
28729151
28719841
28716106
28716097
28711086
28710954
28710099
28707403
28703084
28697198
28690944
28689073
28679287
28678668
28678031
28671856
28666240
28663235
28662283
28660171
28658143
28655793
28654547
28651159
28648699
28648302
28646772
28645491
28644156
28640512
28639409
28628715
28628251
28626406
28625074
28616701
28614096
28612140
28611624
28609061
28609058
28609053
28608286
28604554
28603206
28603205
28603200
28600350
28595336
28592767
28592400
28586951
28585615
28585614
28581465
28579959
28574977
28562096
28561661
28559410
28550712
28548891
28543700
28543695
28538872
28536740
28533998
28530525
28528510
28526721
28524159
28524050
28510382
28508938
28506536
28500627
28500560
28499411
28495807
28489679
28489616
28485549
28484017
28482673
28481788
28477871
28476244
28475571
28473314
28471570
28458865
28452849
28446908
28444889
28444424
28444111
28440331
28436601
28435391
28434403
28434031
28430376
28428884
28428880
28426103
28425751
28423678
28423487
28422751
28417565
28417343
28417311
28411392
28411205
28410286
28408015
28405510
28405509
28403786
28401443
28398170
28397508
28396509
28394962
28388076
28387097
28384791
28383639
28382381
28379318
28379308
28377499
28376479
28376158
28373768
28373217
28373215
28371614
28368458
28363614
28361045
28360208
28359785
28359784
28356222
28348944
28346412
28344862
28344807
28343447
28333867
28331615
28327969
28324889
28324885
28324884
28324750
28323658
28323504
28323141
28321818
28321813
28316007
28315636
28303522
28303311
28302128
28299199
28295542
28292987
28286925
28285682
28277102
28277101
28276859
28263392
28259284
28257394
28256019
28252553
28248716
28247127
28246107
28243579
28242993
28242504
28242501
28241742
28241095
28239468
28238174
28235882
28231723
28231560
28228726
28225147
28224120
28223273
28222797
28221865
28220304
28220126
28214657
28214654
28211077
28207422
28204866
28197360
28190531
28183255
28179454
28176947
28173241
28167454
28166182
28163001
28162999
28158487
28146044
28141932
28128877
28128709
28125365
28125194
28125193
28124291
28123888
28121506
28114249
28106152
28100090
28093870
28093620
28087644
28084260
28076863
28072766
28072717
28072561
28064556
28059853
28059663
28057179
28057178
28057176
28056464
28056412
28056206
28049161
28049160
28045749
28042777
28040701
28034081
28031822
28031819
28031816
28031719
28031229
28030784
28029320
28029020
28028828
28025978
28025384
28011467
28008452
28007774
28007669
28006927
28003187
27999751
27987627
27986709
27981760
27974237
27969525
27969442
27966460
27959589
27951441
27932166
27932067
27926587
27920706
27920696
27919707
27918555
27914096
27911979
27905824
27905739
27894673
27892653
27882779
27881588
27878363
27873302
27864834
27864228
27863186
27861630
27859479
27858975
27857838
27848165
27846725
27845904
27843619
27843587
27843208
27842767
27838762
27832664
27831000
27828902
27822406
27818005
27816830
27809739
27566765
27806233
27653290
27797838
27795504
27649551
27440480
27178742
27792061
27790127
27790118
27698113
27683208
27349150
27668655
27777775
27776519
27776441
27603551
27769635
27768639
27764796
27761609
27757313
27757302
27604993
27533633
27533448
27754528
27749327
27746107
27743530
27742386
27734691
27730287
27729774
27728898
27717298
27715206
27698499
27693088
27688833
27687304
27684455
27681753
27669318
27667683
27662340
27662339
27660712
27660709
27660706
27658050
27645330
27630330
27626780
27623999
27622997
27622070
27622012
27617662
27614165
27610613
27605882
27605066
27602429
27597930
27596353
27590328
27587469
27581765
27574531
27570779
27566962
27563659
27563656
27557295
27553906
27549123
27540409
27539246
27539137
27538038
27532025
27532022
27532019
27528363
27517638
27515170
27514721
27513334
27511215
27504122
27503925
27501507
27494973
27490976
27486590
27485076
27484791
27475288
27473846
27472273
27471626
27471608
27467964
27466265
27458307
27453302
27452141
27450287
27447748
27447625
27438388
27435397
27431626
27416087
27410923
27403706
27401894
27400322
27398650
27393510
27391442
27380916
27378345
27376434
27375168
27373241
27372293
27370898
27368007
27367787
27366214
27358386
27357143
27354668
27351142
27349976
27345592
27340279
27339403
27332730
27331424
27331137
27330876
27330811
27330809
27329252
27325280
27322496
27317590
27307501
27306911
27306805
27306802
27305306
27298410
27298296
27296505
27296105
27294607
27294163
27282937
27275485
27274826
27271951
27269940
27269741
27269740
27265913
27260623
27256718
27254075
27249767
27249760
27236554
27226502
27223671
27220785
27210586
27206449
27197541
27197536
27197063
27188674
27181232
27177756
27169993
27169593
27167347
27165193
27161449
27158123
27157227
27153824
27153354
27141390
27141385
27141383
27141381
27140415
27138458
27136138
27136136
27136134
27124339
27123564
27121719
27121512
27119960
27119474
27119473
27118416
27118102
27117227
27116532
27116481
27116334
27115320
27113507
27110676
27110415
27106673
27097117
27096097
27092830
27090545
27086747
27085692
27084345
27082453
27076165
27075078
27074544
27063909
27059553
27059193
27058705
27057436
27051815
27051697
27051297
27049531
27043866
27033223
27031538
27028970
27023060
27019997
27013881
26998595
26990271
26984943
26981948
26981243
26979751
26979173
26975020
26965203
26961150
26959130
26951629
26951628
26946531
26946217
26944362
26942094
26938948
26934347
26934345
26934240
26926680
26922327
26922168
26914620
26912572
26905772
26901103
26893783
26891495
26889818
26887377
26885708
26885370
26883763
26882955
26881150
26880821
26880464
26878692
26877232
26874776
26873574
26870807
26867901
26864062
26861600
26860624
26854930
26854467
26850630
26848796
26848410
26846323
26846115
26843495
26839346
26837003
26834161
26831889
26830911
26826558
26822752
26822578
26819277
26811403
26802161
26801342
26795275
26790556
26787752
26787285
26786928
26783344
26780070
26776661
26775673
26768512
26767073
26753003
26750801
26748223
26743513
26742019
26730973
26721939
28959504
28261653
26708040
26707829
26704337
26700304
26698365
26684061
26678880
26673995
26673806
26672895
26672088
26667979
26648623
26647899
26647898
26642234
26639707
26638940
26638939
26637892
26636908
26633687
26633184
26632762
26629425
26627641
26618350
26615135
26612791
26605313
26601865
26601863
26599172
26598056
26598055
26597444
26589760
26583635
26581237
26558876
26552414
26547132
26545022
26542545
26541610
26541511
26534966
26534389
26534369
26532547
26532480
26532474
26531928
26524482
26518223
26517253
26513491
26512791
26511495
26504067
26497482
26488944
26487055
26477470
26466763
26451318
26451305
26448890
26441489
26427830
26426764
26426340
26424738
26421864
26419960
26418961
26410424
26408564
26407818
26405697
26404049
26402246
26398077
26398076
26397052
26396529
26394770
26394083
26387031
26380086
26376584
26359978
26359337
26353041
26350358
26345422
26343230
26338962
26337719
26328216
26320062
26314410
26313415
26310908
26308501
26298799
26298620
26289067
26288737
26284765
26282644
26282545
26281689
26281674
26275120
26274495
26267949
26263903
26261262
26260659
26251366
26251199
26250412
26235179
26228631
26227432
26225893
26225580
26220912
26209970
26189934
26186958
26181250
26177645
26176400
26174726
26171394
26167500
26166488
26164177
26161414
26161407
26155425
26155423
26153295
26150028
26141621
26140250
26140249
26137403
26132605
26125506
26124475
26123624
26118951
26115796
26114847
26112807
26105702
26100356
26099982
26098919
26098609
26096079
26086578
26085931
26082835
26079306
26076665
26076092
26070625
26069281
26069187
26068883
26068559
26068553
26065611
26063384
26062775
26062178
26055291
26051238
26046957
26043718
26039719
26034866
26027431
26022286
26020985
26018375
26017484
26016850
26014049
26010858
26010413
25996827
25993220
25993145
25992290
25991832
25989738
25988349
25986740
25981182
25977192
25974108
25968457
25968455
25965369
25965364
25965363
25965361
25965360
25965357
25964307
25964248
25962110
25962109
25957829
25956728
25943535
25941700
25941597
25933207
25933140
25931451
25927979
25927868
25925925
25924991
25922203
25918658
25918390
25912622
25907621
25905620
25901859
25901283
25898833
25895921
25894495
25893809
25892889
25891305
25891304
25891173
25888286
25885696
25882106
25882026
25861234
25860328
25855890
25851909
25841463
25841458
25841457
25841453
25840693
25839442
25838373
25832655
25824720
25823918
25819232
25807058
25806780
25806276
25806109
25802883
25802767
25795410
25792081
25791754
25787767
25776763
25774475
25773731
25773169
25770731
25765387
25761109
25760920
25759760
25759003
25755683
25755682
25754629
25747158
25746738
25745014
25743721
25736929
25736262
25727227
25725978
25713437
25712627
25709051
25705383
25703441
25694832
25694346
25686114
25683834
25682878
25677296
25671763
25669468
25669459
25668078
25667295
25667273
25659583
25658618
25658617
25656856
25653539
25649350
25647225
25642417
25641691
25638260
25632239
25631244
25628259
25621841
25619164
25618630
25616204
25615005
25614822
25612993
25610749
25609506
25609505
25609492
25605845
25602683
25600465
25592339
25589420
25589384
25588084
25586601
25583422
25582080
25580155
25578781
25576145
25575714
25572782
25555570
25555352
25553438
25549844
27069772
25548093
25539810
25538262
25538176
25535299
25531722
25531526
25525858
25518354
25516806
25505134
25501056
25500362
25499292
25496336
25483671
25483656
25483650
25482400
25476108
25464388
25459157
25450032
25438998
25438996
25438811
25437997
25433935
25428646
25421345
25416723
25411640
25409261
25409260
25407709
25403631
25403629
25399552
25396684
25396683
25387894
25387681
25387443
25384886
25384885
25384808
25382117
25369488
25369124
25359635
27202303
27202291
27202243
27202153
27201833
27201787
25353097
25349698
25345674
25344022
25341541
25331768
25331657
25328937
25326640
25324906
25323844
25321335
25319369
25317333
25311221
25305754
25301190
25297785
25290291
25273687
25259804
25257614
25250971
25232180
25227926
25227433
25214238
25211849
25211661
25210016
25207976
25207460
25199617
25198196
25185693
25179250
25177493
25167943
25164960
25164840
25159853
25154682
25148289
25145549
25139705
25127260
25115212
25105403
25105043
25103670
25099440
25099438
25098290
25096781
25092813
25092760
25085666
25083318
25079100
25078147
25075567
25072125
25060490
25058826
25056920
25050194
25046606
25046550
25038057
25037801
25037257
25034862
25032021
25030654
25024386
25018651
25015684
25010863
25008236
24999899
24991413
24991412
24986059
24983194
24971417
24971166
24966003
24962553
24958825
24949716
24949688
24944464
24943216
24928310
24917416
24915896
24911795
24908775
24907389
24904825
24904570
24903767
24903021
24888385
24885479
24880949
24880942
24880938
24878420
24876393
24867225
24867111
24861332
24858824
24857132
24855562
24853217
24844912
24842394
24838938
24832153
24831980
24831977
24829850
24820241
24815827
24814274
24812130
24807557
24800177
24795352
24783590
24782152
24778401
24778280
24778276
24778161
24777852
24777678
24777500
24771289
24770508
24767731
24762070
24756315
24749658
24737949
24723371
24723128
24721740
24721645
24708900
24702205
24701370
24700302
24695951
24695685
24695297
24693430
24692676
24687600
24685885
24684639
24676837
24674910
24670341
24661650
24658665
24657536
24651672
24651165
24635957
24629370
24622375
24619072
24617334
24616537
24616309
24615668
24610577
24609989
24599525
24590131
24577788
24577748
24574239
24570590
24563910
24563870
24554495
24532241
24520205
24518483
24516017
24514956
24512518
24507205
24503809
24498550
24498358
24495446
24493726
24490176
24485523
24484235
24482447
27785266
26263705
24477411
24476799
24470514
24455677
24445759
24440089
24435055
24434634
24433434
24424272
24423086
24413374
24406209
24403263
24403233
24402184
24398505
24396833
24384491
24383025
24379698
24373918
27482517
27471705
26196012
24365500
24357746
24357284
24357148
24353909
24352363
24338272
24333964
24328411
24327716
24288711
24285017
24283836
24278787
24274261
24267193
24258976
24258975
24239179
24233776
24210882
24204168
24200897
24188664
24175496
24161671
24145345
24143916
24138785
24124863
24124831
24122241
24114495
24113862
24113540
24107912
24100024
24089443
24089441
24077405
24077404
24074802
24067875
24067719
24054775
24054424
24051549
24047771
24043743
24041689
24028775
24037669
24025700
24021899
24013749
24001893
24000256
23982524
23981682
23977666
23971315
23954143
23942774
23934510
23933888
23930800
23924790
23924787
23919220
23913718
23907003
23898270
23890942
23875174
23873089
23870385
23862981
23847381
23847215
23845462
23843723
23833564
23824275
23820456
23819055
23814163
23806499
23802063
23795355
23787916
23779068
23775956
23774827
23773743
23772560
23763243
23757912
23755371
23752227
23743568
23741070
23738073
23736878
23735730
23733772
23704234
23725878
23724867
23724866
23724846
23719439
23718569
23717798
23716015
23714558
23714523
23714490
23713627
23711792
23709751
23692905
23690483
23690418
23687494
23681603
23677693
23667165
23666915
25184258
23656443
23650874
23641913
23640225
23634660
23634292
23632354
23625198
23617347
23615135
23608447
23608443
23607982
23607756
23599677
23591982
23590367
23584343
23576166
23567227
23559884
23559076
23557194
23554566
23552923
23551370
23550685
23548648
23546044
23541015
23535954
23535073
23533766
23521917
23516145
23512270
23504304
23502769
23497384
23491458
23487828
23483762
23482847
23471977
23462208
23460532
23460531
23460165
23458760
23455528
23452415
23450149
23447136
23444228
23442594
23439861
23438382
23435643
23413908
23411478
23408545
23408334
23401871
23401435
23400564
23399823
23393121
23390376
23380546
23369684
23357570
23348246
23341990
23337757
23330781
23323154
23323148
23316667
23306915
23302904
23299197
23295794
23277525
27471683
24829756
24596511
23265575
23262440
23259392
23259374
23249108
23244384
23243584
23242086
23236591
23235751
23226069
23215674
23211837
23211620
23210632
23188634
23181437
23171508
23170278
23170267
23160205
24432031
23154861
23138168
23122388
23117962
23116250
23108247
23102192
23097082
23096716
23094782
23090080
23082737
23075686
23040162
23066344
23060594
23057750
23049279
23047236
23046024
23045571
23044382
23043499
23043326
23037483
23026880
23024154
23020081
25389947
23010398
22987974
22987943
22981501
22956585
22947000
22927506
22918929
22918925
22918924
22918923
22922209
22904648
22900855
22900715
22894885
22894884
22889847
22878966
22878899
22868219
22864561
22863361
22858559
22852261
22849352
22844202
22828249
22822590
22822589
22820413
22804456
22800555
22788688
22788125
22778766
22778760
22753717
22753700
22748259
22745924
22743761
22735122
22734880
22727601
22713795
22709738
22703856
22702483
22702482
22694829
22672122
22690756
22678259
22677983
22666217
22652330
22640522
22640478
22621691
22614989
22614208
22586796
22580638
22576456
22573536
22543947
22566975
22565371
22563699
22563166
22560555
22559147
22554099
22551537
22551308
22551296
22547608
22547592
22547587
22531442
22530681
22530324
22527228
22524673
22516968
22506716
22503629
22500861
22500535
22495490
22493370
22484191
22482234
22477725
22459539
22459268
22456430
22456429
22454154
22453019
22453017
22443134
22434096
22432863
22432839
22425393
22423265
22423263
22419879
22410456
22409862
22406592
22402694
22397654
22396993
22396291
22395415
22393198
22385525
22385436
22382362
22375995
22370387
22350184
22346364
22339359
22338019
22333219
22329580
22328018
22326924
22326922
22326921
22306905
22300855
22468871
22271879
22270215
22270078
22258374
22256820
22253555
22231551
22215850
22209376
24451817
24451790
24451730
24213509
23788912
23788878
22203769
22196270
22186141
22168282
22146893
22142824
22138079
22130166
22130164
22124094
22114048
22071969
22069060
22046181
22036643
22033581
22030452
22006439
21930211
21833591
21821307
21807763
21748753
21336089
21264545
