21336089
21748753
21821307
21930211
22006439
22030452
22036643
22168282
22196270
22209376
22270078
22270215
22328018
22329580
22333219
22339359
22350184
22370387
22385436
22393198
22395415
22406592
22409862
22410456
22432839
22432863
22443134
22453017
22453019
22454154
22459539
22468871
22477725
22495490
22500535
22500861
22506716
22524673
22530681
22551537
22559147
22563166
22576456
22586796
22614989
22621691
22672122
22677983
22703856
22734880
22743761
22753700
22753717
22778760
22778766
22800555
22820413
22864561
22878966
22918923
22918924
22918925
23024154
23040162
23043326
23047236
23082737
23094782
23108247
23116250
23215674
23249108
23265575
24432031
27905739
