16882708
21264545
21336089
21748753
21807763
21821307
21833591
21930211
22006439
22030452
22033581
22036643
22046181
22069060
22071969
22114048
22124094
22130164
22130166
22138079
22142824
22146893
22168282
22186141
22196270
22203769
22209376
22215850
22231551
22253555
22256820
22258374
22270078
22270215
22271879
22300855
22306905
22326921
22326922
22326924
22328018
22329580
22333219
22338019
22339359
22346364
22350184
22370387
22375995
22382362
22385436
22385525
22393198
22395415
22396291
22396993
22397654
22402694
22406592
22409862
22410456
22419879
22423263
22423265
22425393
22432839
22432863
22434096
22443134
22453017
22453019
22454154
22456429
22456430
22459268
22459539
22468871
22477725
22482234
22484191
22493370
22495490
22500535
22500861
22503629
22506716
22516968
22524673
22527228
22530324
22530681
22531442
22543947
22547587
22547592
22547608
22551296
22551308
22551537
22554099
22559147
22560555
22563166
22563699
22565371
22566975
22573536
22576456
22580638
22586796
22614208
22614989
22621691
22640478
22640522
22652330
22666217
22672122
22677983
22678259
22690756
22694829
22702482
22702483
22703856
22709738
22713795
22727601
22734880
22735122
22743761
22745924
22748259
22753700
22753717
22778760
22778766
22788125
22788688
22800555
22804456
22820413
22822589
22822590
22828249
22844202
22849352
22852261
22858559
22863361
22864561
22868219
22878899
22878966
22889847
22894884
22894885
22900715
22900855
22904648
22918923
22918924
22918925
22918929
22922209
22927506
22947000
22956585
22981501
22987943
22987974
23010398
23020081
23024154
23026880
23037483
23040162
23043326
23043499
23044382
23045571
23046024
23047236
23049279
23057750
23060594
23066344
23075686
23082737
23090080
23094782
23096716
23097082
23102192
23108247
23116250
23117962
23122388
23138168
23154861
23160205
23170267
23170278
23171508
23181437
23188634
23210632
23211620
23211837
23215674
23226069
23235751
23236591
23242086
23243584
23244384
23249108
23259374
23259392
23262440
23265575
23277525
23295794
23299197
23302904
23306915
23316667
23323148
23323154
23330781
23337757
23341990
23348246
23357570
23369684
23380546
23390376
23393121
23399823
23400564
23401435
23401871
23408334
23408545
23411478
23413908
23435643
23438382
23439861
23442594
23444228
23447136
23450149
23452415
23455528
23458760
23460165
23460531
23460532
23462208
23471977
23482847
23483762
23487828
23491458
23497384
23502769
23504304
23512270
23516145
23521917
23533766
23535073
23535954
23541015
23546044
23548648
23550685
23551370
23552923
23554566
23557194
23559076
23559884
23567227
23576166
23584343
23590367
23591982
23599677
23607756
23607982
23608443
23608447
23615135
23617347
23625198
23632354
23634292
23634660
23640225
23641913
23650874
23656443
23666915
23667165
23677693
23681603
23687494
23690418
23690483
23692905
23704234
23709751
23711792
23713627
23714490
23714523
23714558
23716015
23717798
23718569
23719439
23724846
23724866
23724867
23725878
23733772
23735730
23736878
23738073
23741070
23743568
23752227
23755371
23757912
23763243
23772560
23773743
23774827
23775956
23779068
23787916
23788878
23788912
23795355
23802063
23806499
23814163
23819055
23820456
23824275
23833564
23843723
23845462
23847215
23847381
23862981
23870385
23873089
23875174
23890942
23898270
23907003
23913718
23919220
23924787
23924790
23930800
23933888
23934510
23942774
23954143
23971315
23977666
23981682
23982524
24000256
24001893
24013749
24021899
24025700
24028775
24037669
24041689
24043743
24047771
24051549
24054424
24054775
24067719
24067875
24074802
24077404
24077405
24089441
24089443
24100024
24107912
24113540
24113862
24114495
24122241
24124831
24124863
24138785
24143916
24145345
24161671
24175496
24188664
24200897
24204168
24210882
24213509
24233776
24239179
24258975
24258976
24267193
24274261
24278787
24283836
24285017
24288711
24327716
24328411
24333964
24338272
24352363
24353909
24357148
24357284
24357746
24365500
24373918
24379698
24383025
24384491
24396833
24398505
24402184
24403233
24403263
24406209
24413374
24423086
24424272
24432031
24433434
24434634
24435055
24440089
24445759
24451730
24451790
24451817
24455677
24470514
24476799
24477411
24482447
24484235
24485523
24490176
24493726
24495446
24498358
24498550
24503809
24507205
24512518
24514956
24516017
24518483
24520205
24532241
24554495
24563870
24563910
24570590
24574239
24577748
24577788
24590131
24596511
24599525
24609989
24610577
24615668
24616309
24616537
24617334
24619072
24622375
24629370
24635957
24651165
24651672
24657536
24658665
24661650
24670341
24674910
24676837
24684639
24685885
24687600
24692676
24693430
24695297
24695685
24695951
24700302
24701370
24702205
24708900
24721645
24721740
24723128
24723371
24737949
24749658
24756315
24762070
24767731
24770508
24771289
24777500
24777678
24777852
24778161
24778276
24778280
24778401
24782152
24783590
24795352
24800177
24807557
24812130
24814274
24815827
24820241
24829756
24829850
24831977
24831980
24832153
24838938
24842394
24844912
24853217
24855562
24857132
24858824
24861332
24867111
24867225
24876393
24878420
24880938
24880942
24880949
24885479
24888385
24903021
24903767
24904570
24904825
24907389
24908775
24911795
24915896
24917416
24928310
24943216
24944464
24949688
24949716
24958825
24962553
24966003
24971166
24971417
24983194
24986059
24991412
24991413
24999899
25008236
25010863
25015684
25018651
25024386
25030654
25032021
25034862
25037257
25037801
25038057
25046550
25046606
25050194
25056920
25058826
25060490
25072125
25075567
25078147
25079100
25083318
25085666
25092760
25092813
25096781
25098290
25099438
25099440
25103670
25105043
25105403
25115212
25127260
25139705
25145549
25148289
25154682
25159853
25164840
25164960
25167943
25177493
25179250
25184258
25185693
25198196
25199617
25207460
25207976
25210016
25211661
25211849
25214238
25227433
25227926
25232180
25250971
25257614
25259804
25273687
25290291
25297785
25301190
25305754
25311221
25317333
25319369
25321335
25323844
25324906
25326640
25328937
25331657
25331768
25341541
25344022
25345674
25349698
25353097
25359635
25369124
25369488
25382117
25384808
25384885
25384886
25387443
25387681
25387894
25389947
25396683
25396684
25399552
25403629
25403631
25407709
25409260
25409261
25411640
25416723
25421345
25428646
25433935
25437997
25438811
25438996
25438998
25450032
25459157
25464388
25476108
25482400
25483650
25483656
25483671
25496336
25499292
25500362
25501056
25505134
25516806
25518354
25525858
25531526
25531722
25535299
25538176
25538262
25539810
25548093
25549844
25553438
25555352
25555570
25572782
25575714
25576145
25578781
25580155
25582080
25583422
25586601
25588084
25589384
25589420
25592339
25600465
25602683
25605845
25609492
25609505
25609506
25610749
25612993
25614822
25615005
25616204
25618630
25619164
25621841
25628259
25631244
25632239
25638260
25641691
25642417
25647225
25649350
25653539
25656856
25658617
25658618
25659583
25667273
25667295
25668078
25669459
25669468
25671763
25677296
25682878
25683834
25686114
25694346
25694832
25703441
25705383
25709051
25712627
25713437
25725978
25727227
25736262
25736929
25743721
25745014
25746738
25747158
25754629
25755682
25755683
25759003
25759760
25760920
25761109
25765387
25770731
25773169
25773731
25774475
25776763
25787767
25791754
25792081
25795410
25802767
25802883
25806109
25806276
25806780
25807058
25819232
25823918
25824720
25832655
25838373
25839442
25840693
25841453
25841457
25841458
25841463
25851909
25855890
25860328
25861234
25882026
25882106
25885696
25888286
25891173
25891304
25891305
25892889
25893809
25894495
25895921
25898833
25901283
25901859
25905620
25907621
25912622
25918390
25918658
25922203
25924991
25925925
25927868
25927979
25931451
25933140
25933207
25941597
25941700
25943535
25956728
25957829
25962109
25962110
25964248
25964307
25965357
25965360
25965361
25965363
25965364
25965369
25968455
25968457
25974108
25977192
25981182
25986740
25988349
25989738
25991832
25992290
25993145
25993220
25996827
26010413
26010858
26014049
26016850
26017484
26018375
26020985
26022286
26027431
26034866
26039719
26043718
26046957
26051238
26055291
26062178
26062775
26063384
26065611
26068553
26068559
26068883
26069187
26069281
26070625
26076092
26076665
26079306
26082835
26085931
26086578
26096079
26098609
26098919
26099982
26100356
26105702
26112807
26114847
26115796
26118951
26123624
26124475
26125506
26132605
26137403
26140249
26140250
26141621
26150028
26153295
26155423
26155425
26161407
26161414
26164177
26166488
26167500
26171394
26174726
26176400
26177645
26181250
26186958
26189934
26196012
26209970
26220912
26225580
26225893
26227432
26228631
26235179
26250412
26251199
26251366
26260659
26261262
26263705
26263903
26267949
26274495
26275120
26281674
26281689
26282545
26282644
26284765
26288737
26289067
26298620
26298799
26308501
26310908
26313415
26314410
26320062
26328216
26337719
26338962
26343230
26345422
26350358
26353041
26359337
26359978
26376584
26380086
26387031
26394083
26394770
26396529
26397052
26398076
26398077
26402246
26404049
26405697
26407818
26408564
26410424
26418961
26419960
26421864
26424738
26426340
26426764
26427830
26441489
26448890
26451305
26451318
26466763
26477470
26487055
26488944
26497482
26504067
26511495
26512791
26513491
26517253
26518223
26524482
26531928
26532474
26532480
26532547
26534369
26534389
26534966
26541511
26541610
26542545
26545022
26547132
26552414
26558876
26581237
26583635
26589760
26597444
26598055
26598056
26599172
26601863
26601865
26605313
26612791
26615135
26618350
26627641
26629425
26632762
26633184
26633687
26636908
26637892
26638939
26638940
26639707
26642234
26647898
26647899
26648623
26667979
26672088
26672895
26673806
26673995
26678880
26684061
26698365
26700304
26704337
26707829
26708040
26721939
26730973
26742019
26743513
26748223
26750801
26753003
26767073
26768512
26775673
26776661
26780070
26783344
26786928
26787285
26787752
26790556
26795275
26801342
26802161
26811403
26819277
26822578
26822752
26826558
26830911
26831889
26834161
26837003
26839346
26843495
26846115
26846323
26848410
26848796
26850630
26854467
26854930
26860624
26861600
26864062
26867901
26870807
26873574
26874776
26877232
26878692
26880464
26880821
26881150
26882955
26883763
26885370
26885708
26887377
26889818
26891495
26893783
26901103
26905772
26912572
26914620
26922168
26922327
26926680
26934240
26934345
26934347
26938948
26942094
26944362
26946217
26946531
26951628
26951629
26959130
26961150
26965203
26975020
26979173
26979751
26981243
26981948
26984943
26990271
26998595
27000274
27013881
27019997
27023060
27028970
27031538
27033223
27043866
27049531
27051297
27051697
27051815
27057436
27058705
27059193
27059553
27063909
27069772
27074544
27075078
27076165
27082453
27084345
27085692
27086747
27090545
27092830
27096097
27097117
27106673
27110415
27110676
27113507
27115320
27116334
27116481
27116532
27117227
27118102
27118416
27119473
27119474
27119960
27121512
27121719
27123564
27124339
27136134
27136136
27136138
27138458
27140415
27141381
27141383
27141385
27141390
27153354
27153824
27157227
27158123
27161449
27165193
27167347
27169593
27169993
27177756
27178742
27181232
27188674
27197063
27197536
27197541
27201787
27201833
27202153
27202243
27202291
27202303
27206449
27210586
27220785
27223671
27226502
27236554
27249760
27249767
27254075
27256718
27260623
27265913
27269740
27269741
27269940
27271951
27274826
27275485
27282937
27294163
27294607
27296105
27296505
27298296
27298410
27305306
27306802
27306805
27306911
27307501
27317590
27322496
27325280
27329252
27330809
27330811
27330876
27331137
27331424
27332730
27339403
27340279
27345592
27349150
27349976
27351142
27354668
27357143
27358386
27366214
27367787
27368007
27370898
27372293
27373241
27375168
27376434
27378345
27380916
27391442
27393510
27398650
27400322
27401894
27403706
27410923
27416087
27431626
27435397
27438388
27440480
27447625
27447748
27450287
27452141
27453302
27458307
27466265
27467964
27471608
27471626
27471683
27471705
27472273
27473846
27475288
27482517
27484791
27485076
27486590
27490976
27494973
27501507
27503925
27504122
27511215
27513334
27514721
27515170
27517638
27528363
27532019
27532022
27532025
27533448
27533633
27538038
27539137
27539246
27540409
27549123
27553906
27557295
27563656
27563659
27566765
27566962
27570779
27574531
27581765
27587469
27590328
27596353
27597930
27602429
27603551
27604993
27605066
27605882
27610613
27614165
27617662
27622012
27622070
27622997
27623999
27626780
27630330
27645330
27649551
27653290
27658050
27660706
27660709
27660712
27662339
27662340
27667683
27668655
27669318
27681753
27683208
27684455
27687304
27688833
27693088
27698113
27698499
27715206
27717298
27728898
27729774
27730287
27734691
27742386
27743530
27745820
27746107
27749327
27754528
27757302
27757313
27761609
27764796
27768639
27769635
27776441
27776519
27777775
27785266
27790118
27790127
27792061
27795504
27797838
27806233
27809739
27816830
27818005
27822406
27828902
27831000
27832664
27838762
27842767
27843208
27843587
27843619
27845904
27846725
27848165
27857838
27858975
27859479
27861630
27863186
27864228
27864834
27873302
27878363
27881588
27882779
27892653
27894673
27905739
27905824
27911979
27914096
27918555
27919707
27920696
27920706
27926587
27932067
27932166
27951441
27959589
27966460
27969442
27969525
27974237
27981760
27986709
27987627
27999751
28003187
28006927
28007669
28007774
28008452
28011467
28025384
28025978
28028828
28029020
28029320
28030784
28031229
28031719
28031816
28031819
28031822
28034081
28040701
28042777
28045749
28049160
28049161
28056206
28056412
28056464
28057176
28057178
28057179
28059663
28059853
28064556
28072561
28072717
28072766
28076863
28084260
28087644
28093620
28093870
28100090
28106152
28114249
28121506
28123888
28124291
28125193
28125194
28125365
28128709
28128877
28141932
28146044
28158487
28162999
28163001
28166182
28167454
28173241
28176947
28179454
28183255
28190531
28197360
28204866
28207422
28211077
28214654
28214657
28220126
28220304
28221865
28222797
28223273
28224120
28225147
28228726
28231560
28231723
28235882
28238174
28239468
28241095
28241742
28242501
28242504
28242993
28243579
28246107
28247127
28248716
28252553
28256019
28257394
28259284
28261653
28263392
28276859
28277101
28277102
28285682
28286925
28292987
28295542
28299199
28302128
28303311
28303522
28315636
28316007
28321813
28321818
28323141
28323504
28323658
28324750
28324884
28324885
28324889
28327969
28331615
28333867
28343447
28344807
28344862
28346412
28348944
28356222
28359784
28359785
28360208
28361045
28363614
28368458
28371614
28373215
28373217
28373768
28376158
28376479
28377499
28379308
28379318
28382381
28383639
28384791
28387097
28388076
28394962
28396509
28397508
28398170
28401443
28403786
28405509
28405510
28408015
28410286
28411205
28411392
28417311
28417343
28417565
28422751
28423487
28423678
28425751
28426103
28428880
28428884
28430376
28434031
28434403
28435391
28436601
28440331
28444111
28444424
28444889
28446908
28452849
28458865
28471570
28473314
28475571
28476244
28477871
28481788
28482673
28484017
28485549
28489616
28489679
28495807
28499411
28500560
28500627
28506536
28508938
28510382
28524050
28524159
28526721
28528510
28530525
28533998
28536740
28538872
28543695
28543700
28548891
28550712
28559410
28561661
28562096
28574977
28579959
28581465
28585614
28585615
28586951
28592400
28592767
28595336
28600350
28603200
28603205
28603206
28604554
28608286
28609053
28609058
28609061
28611624
28612140
28614096
28616701
28625074
28626406
28628251
28628715
28639409
28640512
28644156
28645491
28646772
28648302
28648699
28651159
28654547
28655793
28658143
28660171
28662283
28663235
28666240
28671856
28678031
28678668
28679287
28689073
28690944
28697198
28703084
28707403
28710099
28710954
28711086
28716097
28716106
28719841
28729151
28729152
28730140
28730266
28733704
28735071
28737620
28738054
28740933
28749795
28751442
28753231
28756306
28765062
28770166
28770379
28776411
28776578
28783540
28785544
28786858
28799876
28816150
28817445
28817755
28819716
28821685
28822576
28825378
28825923
28827234
28829189
28833119
28835114
28837184
28841387
28854067
28854831
28858175
28864844
28866758
28881222
28883282
28883738
28889792
28891241
28891423
28894934
28901560
28911080
28915085
28916225
28918779
28918974
28921644
28922786
28923537
28926356
28928380
28932782
28941311
28944534
28947556
28950039
28950287
28950303
28951518
28959504
28959506
28960564
28961465
28961840
28961848
28964438
28968566
28973656
28973703
28978021
28980713
28981385
28982322
28982752
28983562
28983657
28983773
28987768
28988363
28988380
29018908
29023264
29023643
29024038
29026313
29028788
29029399
29033130
29036015
