27905739
24455677
24278787
23714558
23714523
23714490
23634292
23551370
23471977
23438382
23435643
23413908
23408545
23401435
23393121
23390376
23380546
23369684
23357570
23330781
23302904
23299197
27471683
23265575
23249108
23215674
24432031
23116250
23108247
23094782
23082737
23040162
23047236
23043326
23024154
22918925
22918924
22918923
22878966
22864561
22820413
22800555
22778766
22778760
22753717
22753700
22743761
22734880
22703856
22672122
22621691
22614989
22586796
22576456
22573536
22563166
22559147
22551537
22530681
22524673
22506716
22500861
22500535
22495490
22477725
22459539
22454154
22443134
22432863
22432839
22410456
22409862
22395415
22350184
22339359
22329580
22328018
22270078
22209376
22168282
22036643
21821307
21336089
