10096554
10201965
10379968
10430624
10485649
10561185
10561349
10735499
10764421
10802351
10811122
10899916
11015443
11133760
11157024
11209085
11224527
11323285
11323675
11481353
11552950
11773176
11857337
11970966
12087419
12091876
12171950
12218188
12407406
12593621
12680791
12682289
12721664
12847138
12855568
12874215
1334116
1335362
1335364
13693470
14519751
14555498
14559843
14576661
14595408
14736927
1475190
14871849
15020614
15030777
15032581
15090449
15122199
15150081
15158627
15200998
15240681
15297412
15325032
15358536
15534492
15569934
15611321
15611998
15705911
15776005
15837746
16087865
16111570
16177953
16194701
16205727
16208700
16271509
16283570
16301685
16314647
16370382
16464564
16490844
16525185
16530813
16585157
16597592
16710025
16757720
16801985
16809739
16945766
16966688
16977338
17013086
17133440
1714933
17198092
17289867
17289891
17327854
17363537
17409927
17440629
17520107
17544497
17673617
17693134
17696822
17700621
17898045
17922073
17982122
18000991
18027152
18049334
18173375
18198818
18223165
18235113
18279066
18287062
18390726
18396195
1847722
18504926
18506026
18523152
18528295
18537753
18545145
18555546
18597009
18612161
18665147
18698040
18716842
18780859
18806898
18809614
18818309
18832811
18838703
18974373
19001144
19001147
19018089
19052265
19052742
19074257
19088949
19097774
19104936
19123898
19136343
19139439
19139884
19147575
19147765
19198837
19202079
19236253
19238009
19238020
19242368
19318477
19474123
19507029
19512947
19538054
19543441
19544689
19544692
19556898
19557204
19587352
19639414
19648604
19650371
19652578
19671877
19679015
19752745
19793711
19808874
19857783
19933915
19934295
19934296
19952852
20004617
20052966
20082117
20086001
20140276
20143434
20147741
20152761
20216240
20234320
20307219
20338627
20383346
20425606
20460488
20514052
20516446
20525992
20541055
20563707
20593249
20609175
20616954
20635901
20636812
20660832
20671754
20693841
20697383
20698719
20713164
20734041
20811384
20814764
20818862
20818880
20826737
20842054
20853321
20924130
20943639
20957980
20977700
21074057
21074058
21074060
21074061
21074062
21074063
21074064
21074065
21074069
21080797
21083648
21088057
21090563
21106722
21111961
21121842
21150603
21159637
21170646
21173711
21204754
21220617
21235437
21242854
21258248
21264545
21282973
21294471
21294472
21294473
21294474
21311328
21317818
21357649
21365253
21427556
21455150
21465316
21470540
21505108
21515855
21551417
21554088
21561409
2156778
21629286
21639810
2164219
21659402
21668044
21693727
21700764
21701442
21708958
2171783
21737695
21748753
21770473
21777474
21785048
21785279
21788973
21799510
21802280
21804596
21806402
21807763
21810572
21815696
21821307
21833591
21843079
21850925
21881038
21900389
21900791
21914583
21917607
21930211
21933959
21951748
21952276
21954698
21957431
21990398
21990407
21991904
21991905
21991906
22006439
22010182
22020206
22028422
22030452
22033581
22036643
22044200
22046181
22047582
22051508
22069060
22071969
22074657
22077831
22077981
22082642
22091682
22109345
22123319
22124094
22124104
22130161
22130164
22130166
22142824
22146893
22180676
22186141
22193102
22196270
22203769
22209376
22215850
22219590
22231551
22253555
22256820
22267918
22270078
22270215
22271879
22300855
22306905
22326921
22326922
22326924
22333219
22338019
22339359
22346364
22350184
22370387
22375995
22382362
22385436
22385525
22393198
22396291
22396993
22397654
22402694
22406592
22409862
22419879
22423263
22423265
22432863
22434096
22437870
22443134
22453017
22453019
22456429
22459268
22461641
22468871
22477725
22530324
22547592
22566975
22646630
22658127
22658128
22666217
22677983
22778760
22778766
22844202
22858559
22894884
22904648
23024154
23037483
23049279
23226069
23299197
23724867
23788581
23788878
23788912
23789039
23945592
23965900
2405271
24127452
24264989
24264990
24451730
24451790
24451817
24590637
2465550
24657498
24792872
24804867
24882670
25083336
25358689
25373277
25403209
2540528
25452452
25482239
25538176
25754329
25840693
25891173
25891304
25965370
26027431
26028255
26028407
26037795
26095785
26146806
26162965
26260659
26270858
26371143
26398076
26406148
26412456
26541606
26541610
26578451
26590773
26628942
26699946
26794930
26801886
27001570
27157491
27234989
27298410
27354485
2794510
2940206
3021470
3134293
3220103
3493433
3496540
3500211
4172540
6171553
6174490
6274961
6311878
6458039
6821816
74375
7477169
7494109
7543139
7543510
7670677
7681997
7759881
7846057
7882171
8018598
8075633
8159246
8160096
8347558
8348148
8469286
8475122
8569196
8596936
8608507
8671638
8676074
8676075
8717514
8845294
9020839
9036940
9104819
9203422
9221747
9223321
9336134
9354465
9420067
9430233
9449722
9551948
9631000
9631008
9687526
9707601
9809728
9817276
