21639810
20525992
 15020614
 22456429
 15325032
  7670677
  9420067
  9809728
  2405271
 18396195
 20425606
 13693470
 19857783
 17133440
 16314647
 18504926
 19652578
  4172540
 16525185
 12680791
  6174490
  8160096
  7681997
    74375
  6171553
  9336134
 18555546
 16111570
 20977700
 15158627
 16757720
  9817276
 12593621
 19123898
 20814764
 14555498
  8608507
  8845294
  8569196
 16809739
 16464564
 20616954
 19648604
 10899916
 21074064
 16370382
 20525992
 19018089
 20216240
 18665147
 19147765
 16490844
 15534492
 18287062
 17982122
 18235113
 10561349
 10735499
 16966688
 10430624
 20541055
 10802351
 19097774
  8717514
  1335362
  1335364
  8608507
 18287062
 12682289
 27298410
 23299197
 25965370
  7477169
 20660832
 21799510
 26146806
 24792872
 24127452
 25482239
 21074057
 18000991
 26027431
 18838703
 25891304
 26578451
 26590773
 24264989
 24264990
 26541610
 26541606
 26699946
 26162965
 18173375
 10485649
 12218188
 26628942
 26037795
 20516446
 26412456
 20636812
 19808874
 18974373
 20924130
 23724867
 11157024
 16205727
 25891173
 15611998
 14576661
 17700621
  6311878
 16597592
 12855568
 15150081
 26037795
 15090449
 24127452
 25482239
 21074057
 18000991
 26027431
 18838703
 25891304
 26578451
 26590773
 24264989
 24264990
 26541610
 26541606
 26699946
 26162965
 18173375
 10485649
 12218188
 26628942
 20516446
 26412456
 20636812
 19808874
 18974373
 20924130
 23724867
 17982122
 22547592
 22858559
 22456429
 26028255
 20525992
 10764421
 20826737
 18523152
 22646630
 19139439
 17693134
 16177953
 12171950
 23945592
 26028255
 25358689
 27157491
 15030777
 26801886
 16530813
 24657498
 24804867
 22437870
 22461641
 26270858
 26095785
 25754329
 26406148
 26794930
 24882670
 10561185
 15122199
 15030777
 12091876
 16585157
 22658127
 26028407
 26412456
 27354485
 12407406
  6821816
  3493433
  8469286
 11481353
 22130161
 20818862
 20525992
  7543139
  8596936
 11323285
 11015443
 11224527
 11857337
 15240681
 15358536
 10485649
 11209085
 16087865
 14595408
 12847138
 12874215
 15297412
 15569934
 15837746
 16271509
 16194701
 16208700
 12721664
 18223165
 15611321
 12218188
 14559843
 15705911
 14871849
 14519751
 14736927
 16945766
 15200998
 19933915
 18809614
 18506026
 20338627
 17409927
 11773176
 17544497
 22124104
 16977338
 11133760
 11323675
 18698040
 11552950
 21173711
 21258248
 20234320
 11970966
 20514052
 17898045
 22547592
 19934295
 25840693
 20460488
 22186141
 19202079
 18818309
 21708958
 22461641
 21159637
 10379968
 15032581
 15776005
 27234989
 26371143
 26398076
 25891304
 26028407
 25452452
 22658128
 24590637
 20525992
 25840693
 23788581
 23965900
 25083336
 26260659
 27001570
 15020614
 22456429
 22894884
 25538176
 23724867
