10516113
10841806 
11106223
11320950
12161441
12838189
14505670 
14980661
15336384
16055882
16492439
17761616
18442953
19447923
19696677
19846789
20301428
21083385
21083391
21303308
21475213
21475214
21602569
21654649
21720393
21724857
22047557
22047565
22232540
22266959
22293084
22323790
22383668
22395687
22398597
22407889
22499233
22508750
22530244
22543461
22590787
22618984
22688363
22688370
22698459
22723294
22739718
22768130
22878883
22914736
22942289
23027855
23276841
23276843
23313410
23616732
23922647
24039402
24282612
24429096
2475911
5637164 
7503821
8912731
9014141
9014142
9292910
9427882
