
20301428
23302940
23313410
23409389
23440202
23457166
23457167
23457168
23574506
23590265
23616952
23628510
23652683
23657379
23757197
23757359
23757361
23818513
23891399
23922647
23923627
23952705
23964623
23992917
24004658
24030637
24039402
24048086
24066763
24081349
24084916
24095197
24106801
24114499
24119602
24251786
24258833
24282612
24289783
24298579
24298580
24328486
24429084
24429096
24429232
24461654
24461666
24520399
24522694
24523379
24528318
24532752
24598717
24618508
24656117
24660233
24771136
24791377
24796242
24832698
24832742
24855632
24902474
24927234
24932877
24934256
24973279
24973281
25025350
25037130
25049054
25083129
25088968
25099273
25101884
25101886
25101887
25103957
25127305
25145599
25148205
25148434
25169789
25171312
25171465
25225552
25251804
25256050
25266159
25266997
25270946
25311995
25363320
25384240
25395018
25425629
25438972
25441013
25447681
25447947
25458465
25466347
25467948
25473543
25487078
25512598
25514096
25574617
25584290
25660163
25682022
25688481
25698453
25707701
25732475
25755212
25769931
25811419
25820402
25823699
25853698
25946147
25971311
25981758
25990552
26002404
26025260
26070913
26071414
26073026
26074007
26078470
26091951
26097168
26115565
26132840
26135562
26137539
26168933
26170070
26175480
26207804
26209275
26210165
26245207
26250833
26303992
26322933
26324139
26335956
26371812
26385858
26390337
26399136
26403534
26406363
26410278
26416827
26417173
26474553
26488271
26492939
26506855
26510034
26510035
26544137
26547591
26556432
26567541
26568242
26581802
26668427
26677762
26694805
26698017
26718821
26744656
26803277
26823392
26823621
26840186
26846474
26848606
26878157
26903594
26944510
26962591
26968005
26968770
26976279
26996268
27007499
27017976
27027688
27030675
27031658
27035067
27074519
27081574
27082186
27097977
27104944
27126691
27150823
27158420
27158673
27160424
27185048
27203051
27214033
27226150
27230445
27248596
27252987
27258095
27277131
27288428
27288484
27298017
27306167
27325384
27328319
27334259
27393775
27394157
27402691
27413118
27417354
27441329
27450143
27469186
27473897
27475293
27475719
27482545
27490265
27585394
27614011
27626100
27636560
27659740
27660821
27662106
27703398
27707539
27745802
27768743
27773592
27792891
27804127
27805836
27810230
27812499
27875677
27894875
27895116
27898234
27976892
27990075
28011037
28012258
28042521
28068001
28087700
28107795
28132845
28143919
28171547
28190780
28217196
28222269
28245962
28300821
28314539
28325531
28362199
28366727
28371569
28406713
28419121
28445004
28477428
28529073
28539217
28554721
28554723
28576305
28592822
28602538
28606620
28611092
28611235
28634110
28651844
28666755
28667089
28694231
28711222
28759146
28769592
28787381
28835336
28846049
28848841
28848893
28891346
28916704
28930490
28947035
28953499
28978522
28989817
28992608
29020455
29032041
29035122
29037527
29042177
29045347
29046368
29048931
29073476
29079142
29079713
29099333
29099344
