20301428
25473543
24855632
24461666
24461654
24429232
24429096
24429084
24328486
24309546
24298580
24298579
24289783
24282612
24258833
24119602
24095197
24084916
24081349
24066763
24048086
24039402
24030637
24004658
23992917
23964623
23952705
23923627
23922647
23891399
23856023
23818513
23788656
23757361
23757359
23757197
23664284
23657379
23652683
23628510
23616952
23616732
23590265
23574506
23457168
23457167
23457166
23440202
23409389
23313410
23302940
23276843
23276841
23199563
23027855
22942289
22914736
22878883
22768130
22739718
22723294
22698459
22688370
22688363
22618984
22590787
22543461
22530244
22508750
22499233
22407889
22398597
22395687
22383668
22323790
22293084
22266959
22232540
22047565
22047557
21967060
21724857
21720393
21654649
21602569
21475214
21475213
21349786
21303308
21083391
21083385
20829696
19846789
19747007
19696677
